{
    "frames": [
        {
            "file_path": "./train/00000",
            "rotation": 0,
            "transform_matrix": [
                [
                    0.4077889025211334,
                    -0.45288681983947754,
                    0.7928440570831299,
                    1.6754268407821655
                ],
                [
                    0.9130762219429016,
                    0.202263742685318,
                    -0.3540920317173004,
                    -1.3686662912368774
                ],
                [
                    0.0,
                    0.8683218955993652,
                    0.49600109457969666,
                    0.7250292897224426
                ],
                [
                    0.0,
                    0.0,
                    0.0,
                    1.0
                ]
            ]
        },
        {
            "file_path": "./train/00001",
            "rotation": 0,
            "transform_matrix": [
                [
                    0.4616386294364929,
                    -0.49094828963279724,
                    0.7388231158256531,
                    1.9281796216964722
                ],
                [
                    0.8870680928230286,
                    0.2554941475391388,
                    -0.3844905197620392,
                    -1.3067381381988525
                ],
                [
                    0.0,
                    0.8328820466995239,
                    0.5534505248069763,
                    0.8719218373298645
                ],
                [
                    0.0,
                    0.0,
                    0.0,
                    1.0
                ]
            ]
        },
        {
            "file_path": "./train/00002",
            "rotation": 0,
            "transform_matrix": [
                [
                    0.4354618191719055,
                    -0.3560897409915924,
                    0.8267847895622253,
                    1.0625360012054443
                ],
                [
                    0.9002072215080261,
                    0.17225311696529388,
                    -0.39994481205940247,
                    -1.194839358329773
                ],
                [
                    0.0,
                    0.9184383153915405,
                    0.3955642282962799,
                    1.0998843908309937
                ],
                [
                    0.0,
                    0.0,
                    0.0,
                    1.0
                ]
            ]
        },
        {
            "file_path": "./train/00003",
            "rotation": 0,
            "transform_matrix": [
                [
                    0.5662683248519897,
                    -0.285104364156723,
                    0.77334064245224,
                    1.8454304933547974
                ],
                [
                    0.8242209553718567,
                    0.19587653875350952,
                    -0.5313117504119873,
                    -1.3871781826019287
                ],
                [
                    0.0,
                    0.9382685422897339,
                    0.34590765833854675,
                    1.2558192014694214
                ],
                [
                    0.0,
                    0.0,
                    0.0,
                    1.0
                ]
            ]
        },
        {
            "file_path": "./train/00004",
            "rotation": 0,
            "transform_matrix": [
                [
                    0.43091243505477905,
                    -0.4817391633987427,
                    0.7630477547645569,
                    1.9932130575180054
                ],
                [
                    0.9023937582969666,
                    0.23004081845283508,
                    -0.36437171697616577,
                    -1.0570824146270752
                ],
                [
                    0.0,
                    0.8455818295478821,
                    0.533845841884613,
                    0.54274582862854
                ],
                [
                    0.0,
                    0.0,
                    0.0,
                    1.0
                ]
            ]
        },
        {
            "file_path": "./train/00005",
            "rotation": 0,
            "transform_matrix": [
                [
                    0.44712206721305847,
                    -0.22754867374897003,
                    0.8650453686714172,
                    1.8431283235549927
                ],
                [
                    0.8944729566574097,
                    0.11374523490667343,
                    -0.4324120283126831,
                    -0.663945198059082
                ],
                [
                    0.0,
                    0.9671006202697754,
                    0.25439414381980896,
                    0.9862281084060669
                ],
                [
                    0.0,
                    0.0,
                    0.0,
                    1.0
                ]
            ]
        },
        {
            "file_path": "./train/00006",
            "rotation": 0,
            "transform_matrix": [
                [
                    0.5973944067955017,
                    -0.3088688552379608,
                    0.7400810718536377,
                    1.8654046058654785
                ],
                [
                    0.8019475936889648,
                    0.23008552193641663,
                    -0.5513082146644592,
                    -0.7751572728157043
                ],
                [
                    0.0,
                    0.9228546619415283,
                    0.38514843583106995,
                    1.3117069005966187
                ],
                [
                    0.0,
                    0.0,
                    0.0,
                    1.0
                ]
            ]
        },
        {
            "file_path": "./train/00007",
            "rotation": 0,
            "transform_matrix": [
                [
                    0.5305190682411194,
                    -0.4179829955101013,
                    0.737454891204834,
                    1.263898253440857
                ],
                [
                    0.8476729989051819,
                    0.26159608364105225,
                    -0.4615386724472046,
                    -1.1042890548706055
                ],
                [
                    0.0,
                    0.8699756860733032,
                    0.49309462308883667,
                    0.5297919511795044
                ],
                [
                    0.0,
                    0.0,
                    0.0,
                    1.0
                ]
            ]
        },
        {
            "file_path": "./train/00008",
            "rotation": 0,
            "transform_matrix": [
                [
                    0.32337090373039246,
                    -0.47327718138694763,
                    0.8194143772125244,
                    1.6716845035552979
                ],
                [
                    0.9462723135948181,
                    0.16173365712165833,
                    -0.2800195813179016,
                    -1.0288448333740234
                ],
                [
                    0.0,
                    0.8659393191337585,
                    0.5001490712165833,
                    0.8201809525489807
                ],
                [
                    0.0,
                    0.0,
                    0.0,
                    1.0
                ]
            ]
        },
        {
            "file_path": "./train/00009",
            "rotation": 0,
            "transform_matrix": [
                [
                    0.5001646280288696,
                    -0.29072630405426025,
                    0.8156675696372986,
                    1.6840354204177856
                ],
                [
                    0.8659303188323975,
                    0.16792459785938263,
                    -0.47113266587257385,
                    -0.7845460176467896
                ],
                [
                    0.0,
                    0.9419551491737366,
                    0.3357386589050293,
                    0.6211386322975159
                ],
                [
                    0.0,
                    0.0,
                    0.0,
                    1.0
                ]
            ]
        },
        {
            "file_path": "./train/00010",
            "rotation": 0,
            "transform_matrix": [
                [
                    0.37590089440345764,
                    -0.3246400058269501,
                    0.8679327964782715,
                    2.0255234241485596
                ],
                [
                    0.926659882068634,
                    0.13169068098068237,
                    -0.3520781993865967,
                    -0.753677248954773
                ],
                [
                    0.0,
                    0.9366250038146973,
                    0.3503335118293762,
                    1.006949782371521
                ],
                [
                    0.0,
                    0.0,
                    0.0,
                    1.0
                ]
            ]
        },
        {
            "file_path": "./train/00011",
            "rotation": 0,
            "transform_matrix": [
                [
                    0.3213040232658386,
                    -0.45686349272727966,
                    0.8294814229011536,
                    1.2650480270385742
                ],
                [
                    0.9469761252403259,
                    0.155011385679245,
                    -0.2814387083053589,
                    -1.361576795578003
                ],
                [
                    0.0,
                    0.8759264945983887,
                    0.4824445843696594,
                    0.765453040599823
                ],
                [
                    0.0,
                    0.0,
                    0.0,
                    1.0
                ]
            ]
        }
    ]
}
