{
    "frames": [
        {
            "p": 0,
            "transform_matrix": [
                [
                    0.4632960259914398,
                    -0.3632752597332001,
                    0.8083240985870361,
                    1.2126703262329102
                ],
                [
                    0.8862035870552063,
                    0.1899157166481018,
                    -0.42258164286613464,
                    -0.7246443033218384
                ],
                [
                    0.0,
                    0.9121201038360596,
                    0.4099230170249939,
                    0.7860307693481445
                ],
                [
                    0.0,
                    0.0,
                    0.0,
                    1.0
                ]
            ]
        },
        {
            "p": 1,
            "transform_matrix": [
                [
                    0.4632960259914398,
                    -0.3632752597332001,
                    0.8083240985870361,
                    1.2126703262329102
                ],
                [
                    0.8862035870552063,
                    0.1899157166481018,
                    -0.42258164286613464,
                    -0.7246443033218384
                ],
                [
                    0.0,
                    0.9121201038360596,
                    0.4099230170249939,
                    0.7860307693481445
                ],
                [
                    0.0,
                    0.0,
                    0.0,
                    1.0
                ]
            ]
        },
        {
            "p": 2,
            "transform_matrix": [
                [
                    0.45709797739982605,
                    -0.3645922541618347,
                    0.8112545609474182,
                    1.2126703262329102
                ],
                [
                    0.8894163370132446,
                    0.1873749941587448,
                    -0.4169282615184784,
                    -0.7246443033218384
                ],
                [
                    0.0,
                    0.9121201038360596,
                    0.4099230170249939,
                    0.7860307693481445
                ],
                [
                    0.0,
                    0.0,
                    0.0,
                    1.0
                ]
            ]
        },
        {
            "p": 3,
            "transform_matrix": [
                [
                    0.4508775472640991,
                    -0.3658914864063263,
                    0.8141455054283142,
                    1.2126703262329102
                ],
                [
                    0.892585813999176,
                    0.1848250925540924,
                    -0.4112544655799866,
                    -0.7246443033218384
                ],
                [
                    0.0,
                    0.9121201038360596,
                    0.4099230170249939,
                    0.7860307693481445
                ],
                [
                    0.0,
                    0.0,
                    0.0,
                    1.0
                ]
            ]
        },
        {
            "p": 4,
            "transform_matrix": [
                [
                    0.4446351230144501,
                    -0.36717289686203003,
                    0.8169967532157898,
                    1.2126703262329102
                ],
                [
                    0.8957117795944214,
                    0.18226617574691772,
                    -0.4055606424808502,
                    -0.7246443033218384
                ],
                [
                    0.0,
                    0.9121201038360596,
                    0.4099230170249939,
                    0.7860307693481445
                ],
                [
                    0.0,
                    0.0,
                    0.0,
                    1.0
                ]
            ]
        },
        {
            "p": 5,
            "transform_matrix": [
                [
                    0.4383711516857147,
                    -0.36843636631965637,
                    0.8198081254959106,
                    1.2126703262329102
                ],
                [
                    0.8987940549850464,
                    0.17969843745231628,
                    -0.399847149848938,
                    -0.7246443033218384
                ],
                [
                    0.0,
                    0.9121201038360596,
                    0.4099230170249939,
                    0.7860307693481445
                ],
                [
                    0.0,
                    0.0,
                    0.0,
                    1.0
                ]
            ]
        },
        {
            "p": 6,
            "transform_matrix": [
                [
                    0.43208569288253784,
                    -0.3696819245815277,
                    0.8225796222686768,
                    1.2126703262329102
                ],
                [
                    0.9018325209617615,
                    0.17712187767028809,
                    -0.39411407709121704,
                    -0.7246443033218384
                ],
                [
                    0.0,
                    0.9121201038360596,
                    0.4099230170249939,
                    0.7860307693481445
                ],
                [
                    0.0,
                    0.0,
                    0.0,
                    1.0
                ]
            ]
        },
        {
            "p": 7,
            "transform_matrix": [
                [
                    0.4257793128490448,
                    -0.3709094524383545,
                    0.8253109455108643,
                    1.2126703262329102
                ],
                [
                    0.9048270583152771,
                    0.17453674972057343,
                    -0.3883618712425232,
                    -0.7246443033218384
                ],
                [
                    0.0,
                    0.9121201038360596,
                    0.4099230170249939,
                    0.7860307693481445
                ],
                [
                    0.0,
                    0.0,
                    0.0,
                    1.0
                ]
            ]
        },
        {
            "p": 8,
            "transform_matrix": [
                [
                    0.419452041387558,
                    -0.37211889028549194,
                    0.8280020952224731,
                    1.2126703262329102
                ],
                [
                    0.9077774882316589,
                    0.1719430536031723,
                    -0.382590651512146,
                    -0.7246443033218384
                ],
                [
                    0.0,
                    0.9121201038360596,
                    0.4099230170249939,
                    0.7860307693481445
                ],
                [
                    0.0,
                    0.0,
                    0.0,
                    1.0
                ]
            ]
        },
        {
            "p": 9,
            "transform_matrix": [
                [
                    0.41310444474220276,
                    -0.3733102083206177,
                    0.8306528925895691,
                    1.2126703262329102
                ],
                [
                    0.9106836318969727,
                    0.16934102773666382,
                    -0.37680089473724365,
                    -0.7246443033218384
                ],
                [
                    0.0,
                    0.9121201038360596,
                    0.4099230170249939,
                    0.7860307693481445
                ],
                [
                    0.0,
                    0.0,
                    0.0,
                    1.0
                ]
            ]
        },
        {
            "p": 10,
            "transform_matrix": [
                [
                    0.4067366123199463,
                    -0.3744833171367645,
                    0.8332632184028625,
                    1.2126703262329102
                ],
                [
                    0.9135454893112183,
                    0.16673070192337036,
                    -0.37099266052246094,
                    -0.7246443033218384
                ],
                [
                    0.0,
                    0.9121201038360596,
                    0.4099230170249939,
                    0.7860307693481445
                ],
                [
                    0.0,
                    0.0,
                    0.0,
                    1.0
                ]
            ]
        },
        {
            "p": 11,
            "transform_matrix": [
                [
                    0.40034905076026917,
                    -0.3756381869316101,
                    0.8358328938484192,
                    1.2126703262329102
                ],
                [
                    0.9163627028465271,
                    0.16411229968070984,
                    -0.36516642570495605,
                    -0.7246443033218384
                ],
                [
                    0.0,
                    0.9121201038360596,
                    0.4099230170249939,
                    0.7860307693481445
                ],
                [
                    0.0,
                    0.0,
                    0.0,
                    1.0
                ]
            ]
        },
        {
            "p": 12,
            "transform_matrix": [
                [
                    0.39394187927246094,
                    -0.37677475810050964,
                    0.8383618593215942,
                    1.2126703262329102
                ],
                [
                    0.919135332107544,
                    0.16148585081100464,
                    -0.35932230949401855,
                    -0.7246443033218384
                ],
                [
                    0.0,
                    0.9121201038360596,
                    0.4099230170249939,
                    0.7860307693481445
                ],
                [
                    0.0,
                    0.0,
                    0.0,
                    1.0
                ]
            ]
        },
        {
            "p": 13,
            "transform_matrix": [
                [
                    0.3875156342983246,
                    -0.37789294123649597,
                    0.8408499360084534,
                    1.2126703262329102
                ],
                [
                    0.9218631386756897,
                    0.15885157883167267,
                    -0.35346078872680664,
                    -0.7246443033218384
                ],
                [
                    0.0,
                    0.9121201038360596,
                    0.4099230170249939,
                    0.7860307693481445
                ],
                [
                    0.0,
                    0.0,
                    0.0,
                    1.0
                ]
            ]
        },
        {
            "p": 14,
            "transform_matrix": [
                [
                    0.3810703754425049,
                    -0.3789927065372467,
                    0.8432970643043518,
                    1.2126703262329102
                ],
                [
                    0.9245460629463196,
                    0.15620951354503632,
                    -0.3475819528102875,
                    -0.7246443033218384
                ],
                [
                    0.0,
                    0.9121201038360596,
                    0.4099230170249939,
                    0.7860307693481445
                ],
                [
                    0.0,
                    0.0,
                    0.0,
                    1.0
                ]
            ]
        },
        {
            "p": 15,
            "transform_matrix": [
                [
                    0.3746066391468048,
                    -0.38007399439811707,
                    0.8457030057907104,
                    1.2126703262329102
                ],
                [
                    0.9271838665008545,
                    0.15355989336967468,
                    -0.3416862487792969,
                    -0.7246443033218384
                ],
                [
                    0.0,
                    0.9121201038360596,
                    0.4099230170249939,
                    0.7860307693481445
                ],
                [
                    0.0,
                    0.0,
                    0.0,
                    1.0
                ]
            ]
        },
        {
            "p": 16,
            "transform_matrix": [
                [
                    0.3681245446205139,
                    -0.38113680481910706,
                    0.8480678200721741,
                    1.2126703262329102
                ],
                [
                    0.9297764897346497,
                    0.15090273320674896,
                    -0.3357737958431244,
                    -0.7246443033218384
                ],
                [
                    0.0,
                    0.9121201038360596,
                    0.4099230170249939,
                    0.7860307693481445
                ],
                [
                    0.0,
                    0.0,
                    0.0,
                    1.0
                ]
            ]
        },
        {
            "p": 17,
            "transform_matrix": [
                [
                    0.3616246283054352,
                    -0.38218098878860474,
                    0.8503912687301636,
                    1.2126703262329102
                ],
                [
                    0.9323237538337708,
                    0.14823825657367706,
                    -0.3298451006412506,
                    -0.7246443033218384
                ],
                [
                    0.0,
                    0.9121201038360596,
                    0.4099230170249939,
                    0.7860307693481445
                ],
                [
                    0.0,
                    0.0,
                    0.0,
                    1.0
                ]
            ]
        },
        {
            "p": 18,
            "transform_matrix": [
                [
                    0.3551069498062134,
                    -0.3832065761089325,
                    0.8526732921600342,
                    1.2126703262329102
                ],
                [
                    0.9348256587982178,
                    0.14556652307510376,
                    -0.3239001929759979,
                    -0.7246443033218384
                ],
                [
                    0.0,
                    0.9121201038360596,
                    0.4099230170249939,
                    0.7860307693481445
                ],
                [
                    0.0,
                    0.0,
                    0.0,
                    1.0
                ]
            ]
        },
        {
            "p": 19,
            "transform_matrix": [
                [
                    0.3485719859600067,
                    -0.38421347737312317,
                    0.8549137711524963,
                    1.2126703262329102
                ],
                [
                    0.9372820258140564,
                    0.142887681722641,
                    -0.31793951988220215,
                    -0.7246443033218384
                ],
                [
                    0.0,
                    0.9121201038360596,
                    0.4099230170249939,
                    0.7860307693481445
                ],
                [
                    0.0,
                    0.0,
                    0.0,
                    1.0
                ]
            ]
        },
        {
            "p": 20,
            "transform_matrix": [
                [
                    0.3420201539993286,
                    -0.385201632976532,
                    0.8571125268936157,
                    1.2126703262329102
                ],
                [
                    0.9396926164627075,
                    0.14020194113254547,
                    -0.3119634687900543,
                    -0.7246443033218384
                ],
                [
                    0.0,
                    0.9121201038360596,
                    0.4099230170249939,
                    0.7860307693481445
                ],
                [
                    0.0,
                    0.0,
                    0.0,
                    1.0
                ]
            ]
        },
        {
            "p": 21,
            "transform_matrix": [
                [
                    0.33545151352882385,
                    -0.38617104291915894,
                    0.8592695593833923,
                    1.2126703262329102
                ],
                [
                    0.9420574903488159,
                    0.1375093013048172,
                    -0.30597206950187683,
                    -0.7246443033218384
                ],
                [
                    0.0,
                    0.9121201038360596,
                    0.4099230170249939,
                    0.7860307693481445
                ],
                [
                    0.0,
                    0.0,
                    0.0,
                    1.0
                ]
            ]
        },
        {
            "p": 22,
            "transform_matrix": [
                [
                    0.33585700392723083,
                    -0.376677006483078,
                    0.863315999507904,
                    1.2126703262329102
                ],
                [
                    0.9419130086898804,
                    0.13431136310100555,
                    -0.3078317642211914,
                    -0.7246443033218384
                ],
                [
                    0.0,
                    0.9165560007095337,
                    0.39990636706352234,
                    0.7860307693481445
                ],
                [
                    0.0,
                    0.0,
                    0.0,
                    1.0
                ]
            ]
        },
        {
            "p": 23,
            "transform_matrix": [
                [
                    0.3370705246925354,
                    -0.3670865595340729,
                    0.8669664859771729,
                    1.2126703262329102
                ],
                [
                    0.9414793848991394,
                    0.131425142288208,
                    -0.3103932738304138,
                    -0.7246443033218384
                ],
                [
                    0.0,
                    0.9208555221557617,
                    0.3899039626121521,
                    0.7860307693481445
                ],
                [
                    0.0,
                    0.0,
                    0.0,
                    1.0
                ]
            ]
        },
        {
            "p": 24,
            "transform_matrix": [
                [
                    0.3390834331512451,
                    -0.35746845602989197,
                    0.870194673538208,
                    1.2126703262329102
                ],
                [
                    0.9407563209533691,
                    0.12884487211704254,
                    -0.3136503994464874,
                    -0.7246443033218384
                ],
                [
                    0.0,
                    0.9249947667121887,
                    0.37997984886169434,
                    0.7860307693481445
                ],
                [
                    0.0,
                    0.0,
                    0.0,
                    1.0
                ]
            ]
        },
        {
            "p": 25,
            "transform_matrix": [
                [
                    0.3418814539909363,
                    -0.34789159893989563,
                    0.8729767799377441,
                    1.2126703262329102
                ],
                [
                    0.9397431015968323,
                    0.12656404078006744,
                    -0.31759169697761536,
                    -0.7246443033218384
                ],
                [
                    0.0,
                    0.9289526343345642,
                    0.37019863724708557,
                    0.7860307693481445
                ],
                [
                    0.0,
                    0.0,
                    0.0,
                    1.0
                ]
            ]
        },
        {
            "p": 26,
            "transform_matrix": [
                [
                    0.34544500708580017,
                    -0.3384237587451935,
                    0.8752925992012024,
                    1.2126703262329102
                ],
                [
                    0.9384390115737915,
                    0.12457580864429474,
                    -0.3222004473209381,
                    -0.7246443033218384
                ],
                [
                    0.0,
                    0.9327112436294556,
                    0.36062413454055786,
                    0.7860307693481445
                ],
                [
                    0.0,
                    0.0,
                    0.0,
                    1.0
                ]
            ]
        },
        {
            "p": 27,
            "transform_matrix": [
                [
                    0.3497487008571625,
                    -0.3291318714618683,
                    0.8771248459815979,
                    1.2126703262329102
                ],
                [
                    0.9368435740470886,
                    0.12287372350692749,
                    -0.3274541199207306,
                    -0.7246443033218384
                ],
                [
                    0.0,
                    0.9362554550170898,
                    0.3513199985027313,
                    0.7860307693481445
                ],
                [
                    0.0,
                    0.0,
                    0.0,
                    1.0
                ]
            ]
        },
        {
            "p": 28,
            "transform_matrix": [
                [
                    0.35476237535476685,
                    -0.32008081674575806,
                    0.8784599900245667,
                    1.2126703262329102
                ],
                [
                    0.9349564909934998,
                    0.12145230919122696,
                    -0.33332517743110657,
                    -0.7246443033218384
                ],
                [
                    0.0,
                    0.9395731091499329,
                    0.3423483371734619,
                    0.7860307693481445
                ],
                [
                    0.0,
                    0.0,
                    0.0,
                    1.0
                ]
            ]
        },
        {
            "p": 29,
            "transform_matrix": [
                [
                    0.3604504466056824,
                    -0.3113327622413635,
                    0.8792880177497864,
                    1.2126703262329102
                ],
                [
                    0.9327783584594727,
                    0.12030728161334991,
                    -0.33978036046028137,
                    -0.7246443033218384
                ],
                [
                    0.0,
                    0.9426547884941101,
                    0.3337692618370056,
                    0.7860307693481445
                ],
                [
                    0.0,
                    0.0,
                    0.0,
                    1.0
                ]
            ]
        },
        {
            "p": 30,
            "transform_matrix": [
                [
                    0.36677324771881104,
                    -0.3029472529888153,
                    0.8796023726463318,
                    1.2126703262329102
                ],
                [
                    0.9303103685379028,
                    0.11943643540143967,
                    -0.34678173065185547,
                    -0.7246443033218384
                ],
                [
                    0.0,
                    0.9454934597015381,
                    0.32564106583595276,
                    0.7860307693481445
                ],
                [
                    0.0,
                    0.0,
                    0.0,
                    1.0
                ]
            ]
        },
        {
            "p": 31,
            "transform_matrix": [
                [
                    0.37368640303611755,
                    -0.29497990012168884,
                    0.8794005513191223,
                    1.2126703262329102
                ],
                [
                    0.9275550842285156,
                    0.11883927881717682,
                    -0.354286253452301,
                    -0.7246443033218384
                ],
                [
                    0.0,
                    0.9480844140052795,
                    0.31801873445510864,
                    0.7860307693481445
                ],
                [
                    0.0,
                    0.0,
                    0.0,
                    1.0
                ]
            ]
        },
        {
            "p": 32,
            "transform_matrix": [
                [
                    0.38114166259765625,
                    -0.28748247027397156,
                    0.8786835670471191,
                    1.2126703262329102
                ],
                [
                    0.9245166182518005,
                    0.11851765960454941,
                    -0.3622465133666992,
                    -0.7246443033218384
                ],
                [
                    0.0,
                    0.95042484998703,
                    0.31095433235168457,
                    0.7860307693481445
                ],
                [
                    0.0,
                    0.0,
                    0.0,
                    1.0
                ]
            ]
        },
        {
            "p": 33,
            "transform_matrix": [
                [
                    0.3890872001647949,
                    -0.2805022597312927,
                    0.8774563074111938,
                    1.2126703262329102
                ],
                [
                    0.9212009310722351,
                    0.11847561597824097,
                    -0.3706108331680298,
                    -0.7246443033218384
                ],
                [
                    0.0,
                    0.9525135159492493,
                    0.30449628829956055,
                    0.7860307693481445
                ],
                [
                    0.0,
                    0.0,
                    0.0,
                    1.0
                ]
            ]
        },
        {
            "p": 34,
            "transform_matrix": [
                [
                    0.3974684178829193,
                    -0.2740817964076996,
                    0.875727117061615,
                    1.2126703262329102
                ],
                [
                    0.9176158308982849,
                    0.11871946603059769,
                    -0.37932419776916504,
                    -0.7246443033218384
                ],
                [
                    0.0,
                    0.954350471496582,
                    0.2986890375614166,
                    0.7860307693481445
                ],
                [
                    0.0,
                    0.0,
                    0.0,
                    1.0
                ]
            ]
        },
        {
            "p": 35,
            "transform_matrix": [
                [
                    0.4062275290489197,
                    -0.26825812458992004,
                    0.8735083341598511,
                    1.2126703262329102
                ],
                [
                    0.91377192735672,
                    0.11925715208053589,
                    -0.3883278965950012,
                    -0.7246443033218384
                ],
                [
                    0.0,
                    0.955936849117279,
                    0.2935723066329956,
                    0.7860307693481445
                ],
                [
                    0.0,
                    0.0,
                    0.0,
                    1.0
                ]
            ]
        },
        {
            "p": 36,
            "transform_matrix": [
                [
                    0.41530510783195496,
                    -0.26306331157684326,
                    0.8708153367042542,
                    1.2126703262329102
                ],
                [
                    0.9096822142601013,
                    0.12009857594966888,
                    -0.39756089448928833,
                    -0.7246443033218384
                ],
                [
                    0.0,
                    0.9572742581367493,
                    0.28918156027793884,
                    0.7860307693481445
                ],
                [
                    0.0,
                    0.0,
                    0.0,
                    1.0
                ]
            ]
        },
        {
            "p": 37,
            "transform_matrix": [
                [
                    0.42463982105255127,
                    -0.25852346420288086,
                    0.8676673769950867,
                    1.2126703262329102
                ],
                [
                    0.9053623676300049,
                    0.12125460058450699,
                    -0.4069598317146301,
                    -0.7246443033218384
                ],
                [
                    0.0,
                    0.958364725112915,
                    0.2855469286441803,
                    0.7860307693481445
                ],
                [
                    0.0,
                    0.0,
                    0.0,
                    1.0
                ]
            ]
        },
        {
            "p": 38,
            "transform_matrix": [
                [
                    0.43416911363601685,
                    -0.25465941429138184,
                    0.8640866875648499,
                    1.2126703262329102
                ],
                [
                    0.900831401348114,
                    0.12273689359426498,
                    -0.41645944118499756,
                    -0.7246443033218384
                ],
                [
                    0.0,
                    0.959210216999054,
                    0.2826937735080719,
                    0.7860307693481445
                ],
                [
                    0.0,
                    0.0,
                    0.0,
                    1.0
                ]
            ]
        },
        {
            "p": 39,
            "transform_matrix": [
                [
                    0.443830281496048,
                    -0.2514859139919281,
                    0.8600985407829285,
                    1.2126703262329102
                ],
                [
                    0.8961108922958374,
                    0.12455719709396362,
                    -0.4259939193725586,
                    -0.7246443033218384
                ],
                [
                    0.0,
                    0.9598126411437988,
                    0.28064149618148804,
                    0.7860307693481445
                ],
                [
                    0.0,
                    0.0,
                    0.0,
                    1.0
                ]
            ]
        },
        {
            "p": 40,
            "transform_matrix": [
                [
                    0.45356008410453796,
                    -0.24901239573955536,
                    0.8557313084602356,
                    1.2126703262329102
                ],
                [
                    0.8912256956100464,
                    0.1267266869544983,
                    -0.43549638986587524,
                    -0.7246443033218384
                ],
                [
                    0.0,
                    0.960173487663269,
                    0.2794044017791748,
                    0.7860307693481445
                ],
                [
                    0.0,
                    0.0,
                    0.0,
                    1.0
                ]
            ]
        },
        {
            "p": 41,
            "transform_matrix": [
                [
                    0.4632960259914398,
                    -0.24724288284778595,
                    0.8510156869888306,
                    1.2126703262329102
                ],
                [
                    0.8862035870552063,
                    0.12925544381141663,
                    -0.444900244474411,
                    -0.7246443033218384
                ],
                [
                    0.0,
                    0.960293710231781,
                    0.27899107336997986,
                    0.7860307693481445
                ],
                [
                    0.0,
                    0.0,
                    0.0,
                    1.0
                ]
            ]
        },
        {
            "p": 42,
            "transform_matrix": [
                [
                    0.4729763865470886,
                    -0.24617627263069153,
                    0.8459849953651428,
                    1.2126703262329102
                ],
                [
                    0.8810750842094421,
                    0.13215167820453644,
                    -0.45413938164711,
                    -0.7246443033218384
                ],
                [
                    0.0,
                    0.960173487663269,
                    0.2794044017791748,
                    0.7860307693481445
                ],
                [
                    0.0,
                    0.0,
                    0.0,
                    1.0
                ]
            ]
        },
        {
            "p": 43,
            "transform_matrix": [
                [
                    0.4825407564640045,
                    -0.24580645561218262,
                    0.8406745195388794,
                    1.2126703262329102
                ],
                [
                    0.8758735060691833,
                    0.13542096316814423,
                    -0.46314871311187744,
                    -0.7246443033218384
                ],
                [
                    0.0,
                    0.9598126411437988,
                    0.28064149618148804,
                    0.7860307693481445
                ],
                [
                    0.0,
                    0.0,
                    0.0,
                    1.0
                ]
            ]
        },
        {
            "p": 44,
            "transform_matrix": [
                [
                    0.4919307827949524,
                    -0.24612288177013397,
                    0.8351213335990906,
                    1.2126703262329102
                ],
                [
                    0.8706343173980713,
                    0.13906575739383698,
                    -0.4718650281429291,
                    -0.7246443033218384
                ],
                [
                    0.0,
                    0.959210216999054,
                    0.2826937735080719,
                    0.7860307693481445
                ],
                [
                    0.0,
                    0.0,
                    0.0,
                    1.0
                ]
            ]
        },
        {
            "p": 45,
            "transform_matrix": [
                [
                    0.5010899901390076,
                    -0.24711094796657562,
                    0.8293642401695251,
                    1.2126703262329102
                ],
                [
                    0.865395188331604,
                    0.14308470487594604,
                    -0.48022696375846863,
                    -0.7246443033218384
                ],
                [
                    0.0,
                    0.958364725112915,
                    0.2855469286441803,
                    0.7860307693481445
                ],
                [
                    0.0,
                    0.0,
                    0.0,
                    1.0
                ]
            ]
        },
        {
            "p": 46,
            "transform_matrix": [
                [
                    0.5099645256996155,
                    -0.2487526535987854,
                    0.8234429359436035,
                    1.2126703262329102
                ],
                [
                    0.8601953983306885,
                    0.1474723368883133,
                    -0.4881759285926819,
                    -0.7246443033218384
                ],
                [
                    0.0,
                    0.9572742581367493,
                    0.28918156027793884,
                    0.7860307693481445
                ],
                [
                    0.0,
                    0.0,
                    0.0,
                    1.0
                ]
            ]
        },
        {
            "p": 47,
            "transform_matrix": [
                [
                    0.5185035467147827,
                    -0.2510264813899994,
                    0.817398190498352,
                    1.2126703262329102
                ],
                [
                    0.855075478553772,
                    0.1522182822227478,
                    -0.4956566393375397,
                    -0.7246443033218384
                ],
                [
                    0.0,
                    0.955936849117279,
                    0.2935723066329956,
                    0.7860307693481445
                ],
                [
                    0.0,
                    0.0,
                    0.0,
                    1.0
                ]
            ]
        },
        {
            "p": 48,
            "transform_matrix": [
