{
    "frames": [
        {
            "p": 0,
            "transform_matrix": [
                [
                    0.4632960259914398,
                    -0.3632752597332001,
                    0.8083240985870361,
                    1.3979887962341309
                ],
                [
                    0.8862035870552063,
                    0.1899157166481018,
                    -0.42258164286613464,
                    -0.37016287446022034
                ],
                [
                    0.0,
                    0.9121201038360596,
                    0.4099230170249939,
                    0.7860307693481445
                ],
                [
                    0.0,
                    0.0,
                    0.0,
                    1.0
                ]
            ]
        },
        {
            "p": 1,
            "transform_matrix": [
                [
                    0.4632960259914398,
                    -0.3632752597332001,
                    0.8083240985870361,
                    1.3979887962341309
                ],
                [
                    0.8862035870552063,
                    0.1899157166481018,
                    -0.42258164286613464,
                    -0.37016287446022034
                ],
                [
                    0.0,
                    0.9121201038360596,
                    0.4099230170249939,
                    0.7860307693481445
                ],
                [
                    0.0,
                    0.0,
                    0.0,
                    1.0
                ]
            ]
        },
        {
            "p": 2,
            "transform_matrix": [
                [
                    0.4632960259914398,
                    -0.3632752597332001,
                    0.8083240985870361,
                    1.386016607284546
                ],
                [
                    0.8862035870552063,
                    0.1899157166481018,
                    -0.42258164286613464,
                    -0.3652953505516052
                ],
                [
                    0.0,
                    0.9121201038360596,
                    0.4099230170249939,
                    0.8146564364433289
                ],
                [
                    0.0,
                    0.0,
                    0.0,
                    1.0
                ]
            ]
        },
        {
            "p": 3,
            "transform_matrix": [
                [
                    0.4632960259914398,
                    -0.3632752597332001,
                    0.8083240985870361,
                    1.3729757070541382
                ],
                [
                    0.8862035870552063,
                    0.1899157166481018,
                    -0.42258164286613464,
                    -0.36264336109161377
                ],
                [
                    0.0,
                    0.9121201038360596,
                    0.4099230170249939,
                    0.8431056141853333
                ],
                [
                    0.0,
                    0.0,
                    0.0,
                    1.0
                ]
            ]
        },
        {
            "p": 4,
            "transform_matrix": [
                [
                    0.4632960259914398,
                    -0.3632752597332001,
                    0.8083240985870361,
                    1.358946442604065
                ],
                [
                    0.8862035870552063,
                    0.1899157166481018,
                    -0.42258164286613464,
                    -0.36222323775291443
                ],
                [
                    0.0,
                    0.9121201038360596,
                    0.4099230170249939,
                    0.8712028861045837
                ],
                [
                    0.0,
                    0.0,
                    0.0,
                    1.0
                ]
            ]
        },
        {
            "p": 5,
            "transform_matrix": [
                [
                    0.4632960259914398,
                    -0.3632752597332001,
                    0.8083240985870361,
                    1.34401535987854
                ],
                [
                    0.8862035870552063,
                    0.1899157166481018,
                    -0.42258164286613464,
                    -0.36403754353523254
                ],
                [
                    0.0,
                    0.9121201038360596,
                    0.4099230170249939,
                    0.898775041103363
                ],
                [
                    0.0,
                    0.0,
                    0.0,
                    1.0
                ]
            ]
        },
        {
            "p": 6,
            "transform_matrix": [
                [
                    0.4632960259914398,
                    -0.3632752597332001,
                    0.8083240985870361,
                    1.3282744884490967
                ],
                [
                    0.8862035870552063,
                    0.1899157166481018,
                    -0.42258164286613464,
                    -0.36807510256767273
                ],
                [
                    0.0,
                    0.9121201038360596,
                    0.4099230170249939,
                    0.9256520867347717
                ],
                [
                    0.0,
                    0.0,
                    0.0,
                    1.0
                ]
            ]
        },
        {
            "p": 7,
            "transform_matrix": [
                [
                    0.4632960259914398,
                    -0.3632752597332001,
                    0.8083240985870361,
                    1.3118208646774292
                ],
                [
                    0.8862035870552063,
                    0.1899157166481018,
                    -0.42258164286613464,
                    -0.37431105971336365
                ],
                [
                    0.0,
                    0.9121201038360596,
                    0.4099230170249939,
                    0.9516683220863342
                ],
                [
                    0.0,
                    0.0,
                    0.0,
                    1.0
                ]
            ]
        },
        {
            "p": 8,
            "transform_matrix": [
                [
                    0.4632960259914398,
                    -0.3632752597332001,
                    0.8083240985870361,
                    1.2947559356689453
                ],
                [
                    0.8862035870552063,
                    0.1899157166481018,
                    -0.42258164286613464,
                    -0.3827069103717804
                ],
                [
                    0.0,
                    0.9121201038360596,
                    0.4099230170249939,
                    0.97666335105896
                ],
                [
                    0.0,
                    0.0,
                    0.0,
                    1.0
                ]
            ]
        },
        {
            "p": 9,
            "transform_matrix": [
                [
                    0.4632960259914398,
                    -0.3632752597332001,
                    0.8083240985870361,
                    1.2771849632263184
                ],
                [
                    0.8862035870552063,
                    0.1899157166481018,
                    -0.42258164286613464,
                    -0.39321091771125793
                ],
                [
                    0.0,
                    0.9121201038360596,
                    0.4099230170249939,
                    1.0004831552505493
                ],
                [
                    0.0,
                    0.0,
                    0.0,
                    1.0
                ]
            ]
        },
        {
            "p": 10,
            "transform_matrix": [
                [
                    0.4632960259914398,
                    -0.3632752597332001,
                    0.8083240985870361,
                    1.2592161893844604
                ],
                [
                    0.8862035870552063,
                    0.1899157166481018,
                    -0.42258164286613464,
                    -0.4057583510875702
                ],
                [
                    0.0,
                    0.9121201038360596,
                    0.4099230170249939,
                    1.0229806900024414
                ],
                [
                    0.0,
                    0.0,
                    0.0,
                    1.0
                ]
            ]
        },
        {
            "p": 11,
            "transform_matrix": [
                [
                    0.4632960259914398,
                    -0.3632752597332001,
                    0.8083240985870361,
                    1.2409604787826538
                ],
                [
                    0.8862035870552063,
                    0.1899157166481018,
                    -0.42258164286613464,
                    -0.42027178406715393
                ],
                [
                    0.0,
                    0.9121201038360596,
                    0.4099230170249939,
                    1.0440173149108887
                ],
                [
                    0.0,
                    0.0,
                    0.0,
                    1.0
                ]
            ]
        },
        {
            "p": 12,
            "transform_matrix": [
                [
                    0.4632960259914398,
                    -0.3632752597332001,
                    0.8083240985870361,
                    1.2225303649902344
                ],
                [
                    0.8862035870552063,
                    0.1899157166481018,
                    -0.42258164286613464,
                    -0.43666180968284607
                ],
                [
                    0.0,
                    0.9121201038360596,
                    0.4099230170249939,
                    1.0634634494781494
                ],
                [
                    0.0,
                    0.0,
                    0.0,
                    1.0
                ]
            ]
        },
        {
            "p": 13,
            "transform_matrix": [
                [
                    0.4632960259914398,
                    -0.3632752597332001,
                    0.8083240985870361,
                    1.204039454460144
                ],
                [
                    0.8862035870552063,
                    0.1899157166481018,
                    -0.42258164286613464,
                    -0.45482733845710754
                ],
                [
                    0.0,
                    0.9121201038360596,
                    0.4099230170249939,
                    1.081199049949646
                ],
                [
                    0.0,
                    0.0,
                    0.0,
                    1.0
                ]
            ]
        },
        {
            "p": 14,
            "transform_matrix": [
                [
                    0.4632960259914398,
                    -0.3632752597332001,
                    0.8083240985870361,
                    1.1856017112731934
                ],
                [
                    0.8862035870552063,
                    0.1899157166481018,
                    -0.42258164286613464,
                    -0.474656343460083
                ],
                [
                    0.0,
                    0.9121201038360596,
                    0.4099230170249939,
                    1.09711492061615
                ],
                [
                    0.0,
                    0.0,
                    0.0,
                    1.0
                ]
            ]
        },
        {
            "p": 15,
            "transform_matrix": [
                [
                    0.4632960259914398,
                    -0.3632752597332001,
                    0.8083240985870361,
                    1.1673308610916138
                ],
                [
                    0.8862035870552063,
                    0.1899157166481018,
                    -0.42258164286613464,
                    -0.4960266351699829
                ],
                [
                    0.0,
                    0.9121201038360596,
                    0.4099230170249939,
                    1.1111128330230713
                ],
                [
                    0.0,
                    0.0,
                    0.0,
                    1.0
                ]
            ]
        },
        {
            "p": 16,
            "transform_matrix": [
                [
                    0.4632960259914398,
                    -0.3632752597332001,
                    0.8083240985870361,
                    1.1493395566940308
                ],
                [
                    0.8862035870552063,
                    0.1899157166481018,
                    -0.42258164286613464,
                    -0.5188064575195312
                ],
                [
                    0.0,
                    0.9121201038360596,
                    0.4099230170249939,
                    1.1231064796447754
                ],
                [
                    0.0,
                    0.0,
                    0.0,
                    1.0
                ]
            ]
        },
        {
            "p": 17,
            "transform_matrix": [
                [
                    0.4632960259914398,
                    -0.3632752597332001,
                    0.8083240985870361,
                    1.1317387819290161
                ],
                [
                    0.8862035870552063,
                    0.1899157166481018,
                    -0.42258164286613464,
                    -0.5428552627563477
                ],
                [
                    0.0,
                    0.9121201038360596,
                    0.4099230170249939,
                    1.1330219507217407
                ],
                [
                    0.0,
                    0.0,
                    0.0,
                    1.0
                ]
            ]
        },
        {
            "p": 18,
            "transform_matrix": [
                [
                    0.4632960259914398,
                    -0.3632752597332001,
                    0.8083240985870361,
                    1.1146368980407715
                ],
                [
                    0.8862035870552063,
                    0.1899157166481018,
                    -0.42258164286613464,
                    -0.5680249333381653
                ],
                [
                    0.0,
                    0.9121201038360596,
                    0.4099230170249939,
                    1.1407980918884277
                ],
                [
                    0.0,
                    0.0,
                    0.0,
                    1.0
                ]
            ]
        },
        {
            "p": 19,
            "transform_matrix": [
                [
                    0.4632960259914398,
                    -0.3632752597332001,
                    0.8083240985870361,
                    1.0981394052505493
                ],
                [
                    0.8862035870552063,
                    0.1899157166481018,
                    -0.42258164286613464,
                    -0.5941601991653442
                ],
                [
                    0.0,
                    0.9121201038360596,
                    0.4099230170249939,
                    1.146386981010437
                ],
                [
                    0.0,
                    0.0,
                    0.0,
                    1.0
                ]
            ]
        },
        {
            "p": 20,
            "transform_matrix": [
                [
                    0.4632960259914398,
                    -0.3632752597332001,
                    0.8083240985870361,
                    1.082348108291626
                ],
                [
                    0.8862035870552063,
                    0.1899157166481018,
                    -0.42258164286613464,
                    -0.6210998892784119
                ],
                [
                    0.0,
                    0.9121201038360596,
                    0.4099230170249939,
                    1.1497541666030884
                ],
                [
                    0.0,
                    0.0,
                    0.0,
                    1.0
                ]
            ]
        },
        {
            "p": 21,
            "transform_matrix": [
                [
                    0.4632960259914398,
                    -0.3632752597332001,
                    0.8083240985870361,
                    1.067360281944275
                ],
                [
                    0.8862035870552063,
                    0.1899157166481018,
                    -0.42258164286613464,
                    -0.6486780047416687
                ],
                [
                    0.0,
                    0.9121201038360596,
                    0.4099230170249939,
                    1.15087890625
                ],
                [
                    0.0,
                    0.0,
                    0.0,
                    1.0
                ]
            ]
        },
        {
            "p": 22,
            "transform_matrix": [
                [
                    0.4632960259914398,
                    -0.3632752597332001,
                    0.8083240985870361,
                    1.053268313407898
                ],
                [
                    0.8862035870552063,
                    0.1899157166481018,
                    -0.42258164286613464,
                    -0.6767244935035706
                ],
                [
                    0.0,
                    0.9121201038360596,
                    0.4099230170249939,
                    1.1497541666030884
                ],
                [
                    0.0,
                    0.0,
                    0.0,
                    1.0
                ]
            ]
        },
        {
            "p": 23,
            "transform_matrix": [
                [
                    0.4632960259914398,
                    -0.3632752597332001,
                    0.8083240985870361,
                    1.0401591062545776
                ],
                [
                    0.8862035870552063,
                    0.1899157166481018,
                    -0.42258164286613464,
                    -0.705066442489624
                ],
                [
                    0.0,
                    0.9121201038360596,
                    0.4099230170249939,
                    1.146386981010437
                ],
                [
                    0.0,
                    0.0,
                    0.0,
                    1.0
                ]
            ]
        },
        {
            "p": 24,
            "transform_matrix": [
                [
                    0.4632960259914398,
                    -0.3632752597332001,
                    0.8083240985870361,
                    1.0281134843826294
                ],
                [
                    0.8862035870552063,
                    0.1899157166481018,
                    -0.42258164286613464,
                    -0.7335290312767029
                ],
                [
                    0.0,
                    0.9121201038360596,
                    0.4099230170249939,
                    1.1407980918884277
                ],
                [
                    0.0,
                    0.0,
                    0.0,
                    1.0
                ]
            ]
        },
        {
            "p": 25,
            "transform_matrix": [
                [
                    0.4632960259914398,
                    -0.3632752597332001,
                    0.8083240985870361,
                    1.0172057151794434
                ],
                [
                    0.8862035870552063,
                    0.1899157166481018,
                    -0.42258164286613464,
                    -0.7619369029998779
                ],
                [
                    0.0,
                    0.9121201038360596,
                    0.4099230170249939,
                    1.1330219507217407
                ],
                [
                    0.0,
                    0.0,
                    0.0,
                    1.0
                ]
            ]
        },
        {
            "p": 26,
            "transform_matrix": [
                [
                    0.4632960259914398,
                    -0.3632752597332001,
                    0.8083240985870361,
                    1.0075030326843262
                ],
                [
                    0.8862035870552063,
                    0.1899157166481018,
                    -0.42258164286613464,
                    -0.7901148200035095
                ],
                [
                    0.0,
                    0.9121201038360596,
                    0.4099230170249939,
                    1.1231064796447754
                ],
                [
                    0.0,
                    0.0,
                    0.0,
                    1.0
                ]
            ]
        },
        {
            "p": 27,
            "transform_matrix": [
                [
                    0.4632960259914398,
                    -0.3632752597332001,
                    0.8083240985870361,
                    0.9990652799606323
                ],
                [
                    0.8862035870552063,
                    0.1899157166481018,
                    -0.42258164286613464,
                    -0.8178890943527222
                ],
                [
                    0.0,
                    0.9121201038360596,
                    0.4099230170249939,
                    1.1111128330230713
                ],
                [
                    0.0,
                    0.0,
                    0.0,
                    1.0
                ]
            ]
        },
        {
            "p": 28,
            "transform_matrix": [
                [
                    0.4632960259914398,
                    -0.3632752597332001,
                    0.8083240985870361,
                    0.9919444918632507
                ],
                [
                    0.8862035870552063,
                    0.1899157166481018,
                    -0.42258164286613464,
                    -0.8450884819030762
                ],
                [
                    0.0,
                    0.9121201038360596,
                    0.4099230170249939,
                    1.09711492061615
                ],
                [
                    0.0,
                    0.0,
                    0.0,
                    1.0
                ]
            ]
        },
        {
            "p": 29,
            "transform_matrix": [
                [
                    0.4632960259914398,
                    -0.3632752597332001,
                    0.8083240985870361,
                    0.9861845374107361
                ],
                [
                    0.8862035870552063,
                    0.1899157166481018,
                    -0.42258164286613464,
                    -0.8715452551841736
                ],
                [
                    0.0,
                    0.9121201038360596,
                    0.4099230170249939,
                    1.0811991691589355
                ],
                [
                    0.0,
                    0.0,
                    0.0,
                    1.0
                ]
            ]
        },
        {
            "p": 30,
            "transform_matrix": [
                [
                    0.4632960259914398,
                    -0.3632752597332001,
                    0.8083240985870361,
                    0.9818210005760193
                ],
                [
                    0.8862035870552063,
                    0.1899157166481018,
                    -0.42258164286613464,
                    -0.8970963954925537
                ],
                [
                    0.0,
                    0.9121201038360596,
                    0.4099230170249939,
                    1.0634634494781494
                ],
                [
                    0.0,
                    0.0,
                    0.0,
                    1.0
                ]
            ]
        },
        {
            "p": 31,
            "transform_matrix": [
                [
                    0.4632960259914398,
                    -0.3632752597332001,
                    0.8083240985870361,
                    0.9788806438446045
                ],
                [
                    0.8862035870552063,
                    0.1899157166481018,
                    -0.42258164286613464,
                    -0.9215843081474304
                ],
                [
                    0.0,
                    0.9121201038360596,
                    0.4099230170249939,
                    1.0440173149108887
                ],
                [
                    0.0,
                    0.0,
                    0.0,
                    1.0
                ]
            ]
        },
        {
            "p": 32,
            "transform_matrix": [
                [
                    0.4632960259914398,
                    -0.3632752597332001,
                    0.8083240985870361,
                    0.977381706237793
                ],
                [
                    0.8862035870552063,
                    0.1899157166481018,
                    -0.42258164286613464,
                    -0.9448579549789429
                ],
                [
                    0.0,
                    0.9121201038360596,
                    0.4099230170249939,
                    1.0229806900024414
                ],
                [
                    0.0,
                    0.0,
                    0.0,
                    1.0
                ]
            ]
        },
        {
            "p": 33,
            "transform_matrix": [
                [
                    0.4632960259914398,
                    -0.3632752597332001,
                    0.8083240985870361,
                    0.9773334264755249
                ],
                [
                    0.8862035870552063,
                    0.1899157166481018,
                    -0.42258164286613464,
                    -0.9667739868164062
                ],
                [
                    0.0,
                    0.9121201038360596,
                    0.4099230170249939,
                    1.0004831552505493
                ],
                [
                    0.0,
                    0.0,
                    0.0,
                    1.0
                ]
            ]
        },
        {
            "p": 34,
            "transform_matrix": [
                [
                    0.4632960259914398,
                    -0.3632752597332001,
                    0.8083240985870361,
                    0.9787360429763794
                ],
                [
                    0.8862035870552063,
                    0.1899157166481018,
                    -0.42258164286613464,
                    -0.9871971607208252
                ],
                [
                    0.0,
                    0.9121201038360596,
                    0.4099230170249939,
                    0.9766634106636047
                ],
                [
                    0.0,
                    0.0,
                    0.0,
                    1.0
                ]
            ]
        },
        {
            "p": 35,
            "transform_matrix": [
                [
                    0.4632960259914398,
                    -0.3632752597332001,
                    0.8083240985870361,
                    0.9815809726715088
                ],
                [
                    0.8862035870552063,
                    0.1899157166481018,
                    -0.42258164286613464,
                    -1.006001591682434
                ],
                [
                    0.0,
                    0.9121201038360596,
                    0.4099230170249939,
                    0.951668381690979
                ],
                [
                    0.0,
                    0.0,
                    0.0,
                    1.0
                ]
            ]
        },
        {
            "p": 36,
            "transform_matrix": [
                [
                    0.4632960259914398,
                    -0.3632752597332001,
                    0.8083240985870361,
                    0.9858506321907043
                ],
                [
                    0.8862035870552063,
                    0.1899157166481018,
                    -0.42258164286613464,
                    -1.0230714082717896
                ],
                [
                    0.0,
                    0.9121201038360596,
                    0.4099230170249939,
                    0.9256521463394165
                ],
                [
                    0.0,
                    0.0,
                    0.0,
                    1.0
                ]
            ]
        },
        {
            "p": 37,
            "transform_matrix": [
                [
                    0.4632960259914398,
                    -0.3632752597332001,
                    0.8083240985870361,
                    0.9915187358856201
                ],
                [
                    0.8862035870552063,
                    0.1899157166481018,
                    -0.42258164286613464,
                    -1.0383013486862183
                ],
                [
                    0.0,
                    0.9121201038360596,
                    0.4099230170249939,
                    0.8987751007080078
                ],
                [
                    0.0,
                    0.0,
                    0.0,
                    1.0
                ]
            ]
        },
        {
            "p": 38,
            "transform_matrix": [
                [
                    0.4632960259914398,
                    -0.3632752597332001,
                    0.8083240985870361,
                    0.998550295829773
                ],
                [
                    0.8862035870552063,
                    0.1899157166481018,
                    -0.42258164286613464,
                    -1.0515974760055542
                ],
                [
                    0.0,
                    0.9121201038360596,
                    0.4099230170249939,
                    0.8712028861045837
                ],
                [
                    0.0,
                    0.0,
                    0.0,
                    1.0
                ]
            ]
        },
        {
            "p": 39,
            "transform_matrix": [
                [
                    0.4632960259914398,
                    -0.3632752597332001,
                    0.8083240985870361,
                    1.0069019794464111
                ],
                [
                    0.8862035870552063,
                    0.1899157166481018,
                    -0.42258164286613464,
                    -1.0628777742385864
                ],
                [
                    0.0,
                    0.9121201038360596,
                    0.4099230170249939,
                    0.8431056141853333
                ],
                [
                    0.0,
                    0.0,
                    0.0,
                    1.0
                ]
            ]
        },
        {
            "p": 40,
            "transform_matrix": [
                [
                    0.4632960259914398,
                    -0.3632752597332001,
                    0.8083240985870361,
                    1.0165222883224487
                ],
                [
                    0.8862035870552063,
                    0.1899157166481018,
                    -0.42258164286613464,
                    -1.0720727443695068
                ],
                [
                    0.0,
                    0.9121201038360596,
                    0.4099230170249939,
                    0.8146564960479736
                ],
                [
                    0.0,
                    0.0,
                    0.0,
                    1.0
                ]
            ]
        },
        {
            "p": 41,
            "transform_matrix": [
                [
                    0.4632960259914398,
                    -0.3632752597332001,
                    0.8083240985870361,
                    1.0273518562316895
                ],
                [
                    0.8862035870552063,
                    0.1899157166481018,
                    -0.42258164286613464,
                    -1.0791257619857788
                ],
                [
                    0.0,
                    0.9121201038360596,
                    0.4099230170249939,
                    0.7860308289527893
                ],
                [
                    0.0,
                    0.0,
                    0.0,
                    1.0
                ]
            ]
        },
        {
            "p": 42,
            "transform_matrix": [
                [
                    0.4632960259914398,
                    -0.3632752597332001,
                    0.8083240985870361,
                    1.0393240451812744
                ],
                [
                    0.8862035870552063,
                    0.1899157166481018,
                    -0.42258164286613464,
                    -1.0839933156967163
                ],
                [
                    0.0,
                    0.9121201038360596,
                    0.4099230170249939,
                    0.757405161857605
                ],
                [
                    0.0,
                    0.0,
                    0.0,
                    1.0
                ]
            ]
        },
        {
            "p": 43,
            "transform_matrix": [
                [
                    0.4632960259914398,
                    -0.3632752597332001,
                    0.8083240985870361,
                    1.0523649454116821
                ],
                [
                    0.8862035870552063,
                    0.1899157166481018,
                    -0.42258164286613464,
                    -1.086645245552063
                ],
                [
                    0.0,
                    0.9121201038360596,
                    0.4099230170249939,
                    0.7289559841156006
                ],
                [
                    0.0,
                    0.0,
                    0.0,
                    1.0
                ]
            ]
        },
        {
            "p": 44,
            "transform_matrix": [
                [
                    0.4632960259914398,
                    -0.3632752597332001,
                    0.8083240985870361,
                    1.0663942098617554
                ],
                [
                    0.8862035870552063,
                    0.1899157166481018,
                    -0.42258164286613464,
                    -1.0870654582977295
                ],
                [
                    0.0,
                    0.9121201038360596,
                    0.4099230170249939,
                    0.7008587121963501
                ],
                [
                    0.0,
                    0.0,
                    0.0,
                    1.0
                ]
            ]
        },
        {
            "p": 45,
            "transform_matrix": [
                [
                    0.4632960259914398,
                    -0.3632752597332001,
                    0.8083240985870361,
                    1.0813252925872803
                ],
                [
                    0.8862035870552063,
                    0.1899157166481018,
                    -0.42258164286613464,
                    -1.0852510929107666
                ],
                [
                    0.0,
                    0.9121201038360596,
                    0.4099230170249939,
                    0.6732865571975708
                ],
                [
                    0.0,
                    0.0,
                    0.0,
                    1.0
                ]
            ]
        },
        {
            "p": 46,
            "transform_matrix": [
                [
                    0.4632960259914398,
                    -0.3632752597332001,
                    0.8083240985870361,
                    1.0970661640167236
                ],
                [
                    0.8862035870552063,
                    0.1899157166481018,
                    -0.42258164286613464,
                    -1.0812134742736816
                ],
                [
                    0.0,
                    0.9121201038360596,
                    0.4099230170249939,
                    0.6464095115661621
                ],
                [
                    0.0,
                    0.0,
                    0.0,
                    1.0
                ]
            ]
        },
        {
            "p": 47,
            "transform_matrix": [
                [
                    0.4632960259914398,
                    -0.3632752597332001,
                    0.8083240985870361,
                    1.1135197877883911
                ],
                [
                    0.8862035870552063,
                    0.1899157166481018,
                    -0.42258164286613464,
                    -1.0749776363372803
                ],
                [
                    0.0,
                    0.9121201038360596,
                    0.4099230170249939,
                    0.6203932762145996
                ],
                [
                    0.0,
                    0.0,
                    0.0,
                    1.0
                ]
            ]
        },
        {
            "p": 48,
            "transform_matrix": [
                [
