{
    "frames": [
        {
            "p": 0,
            "transform_matrix": [
                [
                    0.4632960259914398,
                    -0.3632752597332001,
                    0.8083240985870361,
                    1.5360000133514404
                ],
                [
                    0.8862035870552063,
                    0.1899157166481018,
                    -0.42258164286613464,
                    -0.8936769962310791
                ],
                [
                    0.0,
                    0.9121201038360596,
                    0.4099230170249939,
                    0.949999988079071
                ],
                [
                    0.0,
                    0.0,
                    0.0,
                    1.0
                ]
            ]
        },
        {
            "p": 1,
            "transform_matrix": [
                [
                    0.4632960259914398,
                    -0.3632752597332001,
                    0.8083240985870361,
                    1.5484999418258667
                ],
                [
                    0.8862035870552063,
                    0.1899157166481018,
                    -0.42258164286613464,
                    -0.8936769962310791
                ],
                [
                    0.0,
                    0.9121201038360596,
                    0.4099230170249939,
                    0.949999988079071
                ],
                [
                    0.0,
                    0.0,
                    0.0,
                    1.0
                ]
            ]
        },
        {
            "p": 2,
            "transform_matrix": [
                [
                    0.4632960259914398,
                    -0.3632752597332001,
                    0.8083240985870361,
                    1.5609999895095825
                ],
                [
                    0.8862035870552063,
                    0.1899157166481018,
                    -0.42258164286613464,
                    -0.8936769962310791
                ],
                [
                    0.0,
                    0.9121201038360596,
                    0.4099230170249939,
                    0.949999988079071
                ],
                [
                    0.0,
                    0.0,
                    0.0,
                    1.0
                ]
            ]
        },
        {
            "p": 3,
            "transform_matrix": [
                [
                    0.4632960259914398,
                    -0.3632752597332001,
                    0.8083240985870361,
                    1.5735000371932983
                ],
                [
                    0.8862035870552063,
                    0.1899157166481018,
                    -0.42258164286613464,
                    -0.8936769962310791
                ],
                [
                    0.0,
                    0.9121201038360596,
                    0.4099230170249939,
                    0.949999988079071
                ],
                [
                    0.0,
                    0.0,
                    0.0,
                    1.0
                ]
            ]
        },
        {
            "p": 4,
            "transform_matrix": [
                [
                    0.4632960259914398,
                    -0.3632752597332001,
                    0.8083240985870361,
                    1.5859999656677246
                ],
                [
                    0.8862035870552063,
                    0.1899157166481018,
                    -0.42258164286613464,
                    -0.8936769962310791
                ],
                [
                    0.0,
                    0.9121201038360596,
                    0.4099230170249939,
                    0.949999988079071
                ],
                [
                    0.0,
                    0.0,
                    0.0,
                    1.0
                ]
            ]
        },
        {
            "p": 5,
            "transform_matrix": [
                [
                    0.4632960259914398,
                    -0.3632752597332001,
                    0.8083240985870361,
                    1.5985000133514404
                ],
                [
                    0.8862035870552063,
                    0.1899157166481018,
                    -0.42258164286613464,
                    -0.8936769962310791
                ],
                [
                    0.0,
                    0.9121201038360596,
                    0.4099230170249939,
                    0.949999988079071
                ],
                [
                    0.0,
                    0.0,
                    0.0,
                    1.0
                ]
            ]
        },
        {
            "p": 6,
            "transform_matrix": [
                [
                    0.4632960259914398,
                    -0.3632752597332001,
                    0.8083240985870361,
                    1.6109999418258667
                ],
                [
                    0.8862035870552063,
                    0.1899157166481018,
                    -0.42258164286613464,
                    -0.8936769962310791
                ],
                [
                    0.0,
                    0.9121201038360596,
                    0.4099230170249939,
                    0.949999988079071
                ],
                [
                    0.0,
                    0.0,
                    0.0,
                    1.0
                ]
            ]
        },
        {
            "p": 7,
            "transform_matrix": [
                [
                    0.4632960259914398,
                    -0.3632752597332001,
                    0.8083240985870361,
                    1.6234999895095825
                ],
                [
                    0.8862035870552063,
                    0.1899157166481018,
                    -0.42258164286613464,
                    -0.8936769962310791
                ],
                [
                    0.0,
                    0.9121201038360596,
                    0.4099230170249939,
                    0.949999988079071
                ],
                [
                    0.0,
                    0.0,
                    0.0,
                    1.0
                ]
            ]
        },
        {
            "p": 8,
            "transform_matrix": [
                [
                    0.4632960259914398,
                    -0.3632752597332001,
                    0.8083240985870361,
                    1.6360000371932983
                ],
                [
                    0.8862035870552063,
                    0.1899157166481018,
                    -0.42258164286613464,
                    -0.8936769962310791
                ],
                [
                    0.0,
                    0.9121201038360596,
                    0.4099230170249939,
                    0.949999988079071
                ],
                [
                    0.0,
                    0.0,
                    0.0,
                    1.0
                ]
            ]
        },
        {
            "p": 9,
            "transform_matrix": [
                [
                    0.4632960259914398,
                    -0.3632752597332001,
                    0.8083240985870361,
                    1.6484999656677246
                ],
                [
                    0.8862035870552063,
                    0.1899157166481018,
                    -0.42258164286613464,
                    -0.8936769962310791
                ],
                [
                    0.0,
                    0.9121201038360596,
                    0.4099230170249939,
                    0.949999988079071
                ],
                [
                    0.0,
                    0.0,
                    0.0,
                    1.0
                ]
            ]
        },
        {
            "p": 10,
            "transform_matrix": [
                [
                    0.4632960259914398,
                    -0.3632752597332001,
                    0.8083240985870361,
                    1.6610000133514404
                ],
                [
                    0.8862035870552063,
                    0.1899157166481018,
                    -0.42258164286613464,
                    -0.8936769962310791
                ],
                [
                    0.0,
                    0.9121201038360596,
                    0.4099230170249939,
                    0.949999988079071
                ],
                [
                    0.0,
                    0.0,
                    0.0,
                    1.0
                ]
            ]
        },
        {
            "p": 11,
            "transform_matrix": [
                [
                    0.4632960259914398,
                    -0.3632752597332001,
                    0.8083240985870361,
                    1.6734999418258667
                ],
                [
                    0.8862035870552063,
                    0.1899157166481018,
                    -0.42258164286613464,
                    -0.8936769962310791
                ],
                [
                    0.0,
                    0.9121201038360596,
                    0.4099230170249939,
                    0.949999988079071
                ],
                [
                    0.0,
                    0.0,
                    0.0,
                    1.0
                ]
            ]
        },
        {
            "p": 12,
            "transform_matrix": [
                [
                    0.4632960259914398,
                    -0.3632752597332001,
                    0.8083240985870361,
                    1.6859999895095825
                ],
                [
                    0.8862035870552063,
                    0.1899157166481018,
                    -0.42258164286613464,
                    -0.8936769962310791
                ],
                [
                    0.0,
                    0.9121201038360596,
                    0.4099230170249939,
                    0.949999988079071
                ],
                [
                    0.0,
                    0.0,
                    0.0,
                    1.0
                ]
            ]
        },
        {
            "p": 13,
            "transform_matrix": [
                [
                    0.4632960259914398,
                    -0.3632752597332001,
                    0.8083240985870361,
                    1.6985000371932983
                ],
                [
                    0.8862035870552063,
                    0.1899157166481018,
                    -0.42258164286613464,
                    -0.8936769962310791
                ],
                [
                    0.0,
                    0.9121201038360596,
                    0.4099230170249939,
                    0.949999988079071
                ],
                [
                    0.0,
                    0.0,
                    0.0,
                    1.0
                ]
            ]
        },
        {
            "p": 14,
            "transform_matrix": [
                [
                    0.4632960259914398,
                    -0.3632752597332001,
                    0.8083240985870361,
                    1.7109999656677246
                ],
                [
                    0.8862035870552063,
                    0.1899157166481018,
                    -0.42258164286613464,
                    -0.8936769962310791
                ],
                [
                    0.0,
                    0.9121201038360596,
                    0.4099230170249939,
                    0.949999988079071
                ],
                [
                    0.0,
                    0.0,
                    0.0,
                    1.0
                ]
            ]
        },
        {
            "p": 15,
            "transform_matrix": [
                [
                    0.4632960259914398,
                    -0.3632752597332001,
                    0.8083240985870361,
                    1.7235000133514404
                ],
                [
                    0.8862035870552063,
                    0.1899157166481018,
                    -0.42258164286613464,
                    -0.8936769962310791
                ],
                [
                    0.0,
                    0.9121201038360596,
                    0.4099230170249939,
                    0.949999988079071
                ],
                [
                    0.0,
                    0.0,
                    0.0,
                    1.0
                ]
            ]
        },
        {
            "p": 16,
            "transform_matrix": [
                [
                    0.4632960259914398,
                    -0.3632752597332001,
                    0.8083240985870361,
                    1.7359999418258667
                ],
                [
                    0.8862035870552063,
                    0.1899157166481018,
                    -0.42258164286613464,
                    -0.8936769962310791
                ],
                [
                    0.0,
                    0.9121201038360596,
                    0.4099230170249939,
                    0.949999988079071
                ],
                [
                    0.0,
                    0.0,
                    0.0,
                    1.0
                ]
            ]
        },
        {
            "p": 17,
            "transform_matrix": [
                [
                    0.4632960259914398,
                    -0.3632752597332001,
                    0.8083240985870361,
                    1.7484999895095825
                ],
                [
                    0.8862035870552063,
                    0.1899157166481018,
                    -0.42258164286613464,
                    -0.8936769962310791
                ],
                [
                    0.0,
                    0.9121201038360596,
                    0.4099230170249939,
                    0.949999988079071
                ],
                [
                    0.0,
                    0.0,
                    0.0,
                    1.0
                ]
            ]
        },
        {
            "p": 18,
            "transform_matrix": [
                [
                    0.4632960259914398,
                    -0.3632752597332001,
                    0.8083240985870361,
                    1.7610000371932983
                ],
                [
                    0.8862035870552063,
                    0.1899157166481018,
                    -0.42258164286613464,
                    -0.8936769962310791
                ],
                [
                    0.0,
                    0.9121201038360596,
                    0.4099230170249939,
                    0.949999988079071
                ],
                [
                    0.0,
                    0.0,
                    0.0,
                    1.0
                ]
            ]
        },
        {
            "p": 19,
            "transform_matrix": [
                [
                    0.4632960259914398,
                    -0.3632752597332001,
                    0.8083240985870361,
                    1.7734999656677246
                ],
                [
                    0.8862035870552063,
                    0.1899157166481018,
                    -0.42258164286613464,
                    -0.8936769962310791
                ],
                [
                    0.0,
                    0.9121201038360596,
                    0.4099230170249939,
                    0.949999988079071
                ],
                [
                    0.0,
                    0.0,
                    0.0,
                    1.0
                ]
            ]
        },
        {
            "p": 20,
            "transform_matrix": [
                [
                    0.4632960259914398,
                    -0.3632752597332001,
                    0.8083240985870361,
                    1.7860000133514404
                ],
                [
                    0.8862035870552063,
                    0.1899157166481018,
                    -0.42258164286613464,
                    -0.8936769962310791
                ],
                [
                    0.0,
                    0.9121201038360596,
                    0.4099230170249939,
                    0.949999988079071
                ],
                [
                    0.0,
                    0.0,
                    0.0,
                    1.0
                ]
            ]
        },
        {
            "p": 21,
            "transform_matrix": [
                [
                    0.4632960259914398,
                    -0.3632752597332001,
                    0.8083240985870361,
                    1.7984999418258667
                ],
                [
                    0.8862035870552063,
                    0.1899157166481018,
                    -0.42258164286613464,
                    -0.8936769962310791
                ],
                [
                    0.0,
                    0.9121201038360596,
                    0.4099230170249939,
                    0.949999988079071
                ],
                [
                    0.0,
                    0.0,
                    0.0,
                    1.0
                ]
            ]
        },
        {
            "p": 22,
            "transform_matrix": [
                [
                    0.4632960259914398,
                    -0.3632752597332001,
                    0.8083240985870361,
                    1.8109999895095825
                ],
                [
                    0.8862035870552063,
                    0.1899157166481018,
                    -0.42258164286613464,
                    -0.8936769962310791
                ],
                [
                    0.0,
                    0.9121201038360596,
                    0.4099230170249939,
                    0.949999988079071
                ],
                [
                    0.0,
                    0.0,
                    0.0,
                    1.0
                ]
            ]
        },
        {
            "p": 23,
            "transform_matrix": [
                [
                    0.4632960259914398,
                    -0.3632752597332001,
                    0.8083240985870361,
                    1.8235000371932983
                ],
                [
                    0.8862035870552063,
                    0.1899157166481018,
                    -0.42258164286613464,
                    -0.8936769962310791
                ],
                [
                    0.0,
                    0.9121201038360596,
                    0.4099230170249939,
                    0.949999988079071
                ],
                [
                    0.0,
                    0.0,
                    0.0,
                    1.0
                ]
            ]
        },
        {
            "p": 24,
            "transform_matrix": [
                [
                    0.4632960259914398,
                    -0.3632752597332001,
                    0.8083240985870361,
                    1.8359999656677246
                ],
                [
                    0.8862035870552063,
                    0.1899157166481018,
                    -0.42258164286613464,
                    -0.8936769962310791
                ],
                [
                    0.0,
                    0.9121201038360596,
                    0.4099230170249939,
                    0.949999988079071
                ],
                [
                    0.0,
                    0.0,
                    0.0,
                    1.0
                ]
            ]
        },
        {
            "p": 25,
            "transform_matrix": [
                [
                    0.4632960259914398,
                    -0.3632752597332001,
                    0.8083240985870361,
                    1.8485000133514404
                ],
                [
                    0.8862035870552063,
                    0.1899157166481018,
                    -0.42258164286613464,
                    -0.8936769962310791
                ],
                [
                    0.0,
                    0.9121201038360596,
                    0.4099230170249939,
                    0.949999988079071
                ],
                [
                    0.0,
                    0.0,
                    0.0,
                    1.0
                ]
            ]
        },
        {
            "p": 26,
            "transform_matrix": [
                [
                    0.4632960259914398,
                    -0.3632752597332001,
                    0.8083240985870361,
                    1.8609999418258667
                ],
                [
                    0.8862035870552063,
                    0.1899157166481018,
                    -0.42258164286613464,
                    -0.8936769962310791
                ],
                [
                    0.0,
                    0.9121201038360596,
                    0.4099230170249939,
                    0.949999988079071
                ],
                [
                    0.0,
                    0.0,
                    0.0,
                    1.0
                ]
            ]
        },
        {
            "p": 27,
            "transform_matrix": [
                [
                    0.4632960259914398,
                    -0.3632752597332001,
                    0.8083240985870361,
                    1.8734999895095825
                ],
                [
                    0.8862035870552063,
                    0.1899157166481018,
                    -0.42258164286613464,
                    -0.8936769962310791
                ],
                [
                    0.0,
                    0.9121201038360596,
                    0.4099230170249939,
                    0.949999988079071
                ],
                [
                    0.0,
                    0.0,
                    0.0,
                    1.0
                ]
            ]
        },
        {
            "p": 28,
            "transform_matrix": [
                [
                    0.4632960259914398,
                    -0.3632752597332001,
                    0.8083240985870361,
                    1.8860000371932983
                ],
                [
                    0.8862035870552063,
                    0.1899157166481018,
                    -0.42258164286613464,
                    -0.8936769962310791
                ],
                [
                    0.0,
                    0.9121201038360596,
                    0.4099230170249939,
                    0.949999988079071
                ],
                [
                    0.0,
                    0.0,
                    0.0,
                    1.0
                ]
            ]
        },
        {
            "p": 29,
            "transform_matrix": [
                [
                    0.4632960259914398,
                    -0.3632752597332001,
                    0.8083240985870361,
                    1.8984999656677246
                ],
                [
                    0.8862035870552063,
                    0.1899157166481018,
                    -0.42258164286613464,
                    -0.8936769962310791
                ],
                [
                    0.0,
                    0.9121201038360596,
                    0.4099230170249939,
                    0.949999988079071
                ],
                [
                    0.0,
                    0.0,
                    0.0,
                    1.0
                ]
            ]
        },
        {
            "p": 30,
            "transform_matrix": [
                [
                    0.4632960259914398,
                    -0.3632752597332001,
                    0.8083240985870361,
                    1.9110000133514404
                ],
                [
                    0.8862035870552063,
                    0.1899157166481018,
                    -0.42258164286613464,
                    -0.8936769962310791
                ],
                [
                    0.0,
                    0.9121201038360596,
                    0.4099230170249939,
                    0.949999988079071
                ],
                [
                    0.0,
                    0.0,
                    0.0,
                    1.0
                ]
            ]
        },
        {
            "p": 31,
            "transform_matrix": [
                [
                    0.4632960259914398,
                    -0.3632752597332001,
                    0.8083240985870361,
                    1.9234999418258667
                ],
                [
                    0.8862035870552063,
                    0.1899157166481018,
                    -0.42258164286613464,
                    -0.8936769962310791
                ],
                [
                    0.0,
                    0.9121201038360596,
                    0.4099230170249939,
                    0.949999988079071
                ],
                [
                    0.0,
                    0.0,
                    0.0,
                    1.0
                ]
            ]
        },
        {
            "p": 32,
            "transform_matrix": [
                [
                    0.4632960259914398,
                    -0.3632752597332001,
                    0.8083240985870361,
                    1.9359999895095825
                ],
                [
                    0.8862035870552063,
                    0.1899157166481018,
                    -0.42258164286613464,
                    -0.8936769962310791
                ],
                [
                    0.0,
                    0.9121201038360596,
                    0.4099230170249939,
                    0.949999988079071
                ],
                [
                    0.0,
                    0.0,
                    0.0,
                    1.0
                ]
            ]
        },
        {
            "p": 33,
            "transform_matrix": [
                [
                    0.4632960259914398,
                    -0.3632752597332001,
                    0.8083240985870361,
                    1.9485000371932983
                ],
                [
                    0.8862035870552063,
                    0.1899157166481018,
                    -0.42258164286613464,
                    -0.8936769962310791
                ],
                [
                    0.0,
                    0.9121201038360596,
                    0.4099230170249939,
                    0.949999988079071
                ],
                [
                    0.0,
                    0.0,
                    0.0,
                    1.0
                ]
            ]
        },
        {
            "p": 34,
            "transform_matrix": [
                [
                    0.4632960259914398,
                    -0.3632752597332001,
                    0.8083240985870361,
                    1.9609999656677246
                ],
                [
                    0.8862035870552063,
                    0.1899157166481018,
                    -0.42258164286613464,
                    -0.8936769962310791
                ],
                [
                    0.0,
                    0.9121201038360596,
                    0.4099230170249939,
                    0.949999988079071
                ],
                [
                    0.0,
                    0.0,
                    0.0,
                    1.0
                ]
            ]
        },
        {
            "p": 35,
            "transform_matrix": [
                [
                    0.4632960259914398,
                    -0.3632752597332001,
                    0.8083240985870361,
                    1.9735000133514404
                ],
                [
                    0.8862035870552063,
                    0.1899157166481018,
                    -0.42258164286613464,
                    -0.8936769962310791
                ],
                [
                    0.0,
                    0.9121201038360596,
                    0.4099230170249939,
                    0.949999988079071
                ],
                [
                    0.0,
                    0.0,
                    0.0,
                    1.0
                ]
            ]
        },
        {
            "p": 36,
            "transform_matrix": [
                [
                    0.4632960259914398,
                    -0.3632752597332001,
                    0.8083240985870361,
                    1.9859999418258667
                ],
                [
                    0.8862035870552063,
                    0.1899157166481018,
                    -0.42258164286613464,
                    -0.8936769962310791
                ],
                [
                    0.0,
                    0.9121201038360596,
                    0.4099230170249939,
                    0.949999988079071
                ],
                [
                    0.0,
                    0.0,
                    0.0,
                    1.0
                ]
            ]
        },
        {
            "p": 37,
            "transform_matrix": [
                [
                    0.4632960259914398,
                    -0.3632752597332001,
                    0.8083240985870361,
                    1.9984999895095825
                ],
                [
                    0.8862035870552063,
                    0.1899157166481018,
                    -0.42258164286613464,
                    -0.8936769962310791
                ],
                [
                    0.0,
                    0.9121201038360596,
                    0.4099230170249939,
                    0.949999988079071
                ],
                [
                    0.0,
                    0.0,
                    0.0,
                    1.0
                ]
            ]
        },
        {
            "p": 38,
            "transform_matrix": [
                [
                    0.4632960259914398,
                    -0.3632752597332001,
                    0.8083240985870361,
                    2.010999917984009
                ],
                [
                    0.8862035870552063,
                    0.1899157166481018,
                    -0.42258164286613464,
                    -0.8936769962310791
                ],
                [
                    0.0,
                    0.9121201038360596,
                    0.4099230170249939,
                    0.949999988079071
                ],
                [
                    0.0,
                    0.0,
                    0.0,
                    1.0
                ]
            ]
        },
        {
            "p": 39,
            "transform_matrix": [
                [
                    0.4632960259914398,
                    -0.3632752597332001,
                    0.8083240985870361,
                    2.0234999656677246
                ],
                [
                    0.8862035870552063,
                    0.1899157166481018,
                    -0.42258164286613464,
                    -0.8936769962310791
                ],
                [
                    0.0,
                    0.9121201038360596,
                    0.4099230170249939,
                    0.949999988079071
                ],
                [
                    0.0,
                    0.0,
                    0.0,
                    1.0
                ]
            ]
        },
        {
            "p": 0,
            "transform_matrix": [
                [
                    0.4632960259914398,
                    -0.3632752597332001,
                    0.8083240985870361,
                    2.0360000133514404
                ],
                [
                    0.8862035870552063,
                    0.1899157166481018,
                    -0.42258164286613464,
                    -0.8936769962310791
                ],
                [
                    0.0,
                    0.9121201038360596,
                    0.4099230170249939,
                    0.949999988079071
                ],
                [
                    0.0,
                    0.0,
                    0.0,
                    1.0
                ]
            ]
        },
        {
            "p": 1,
            "transform_matrix": [
                [
                    0.4632960259914398,
                    -0.3632752597332001,
                    0.8083240985870361,
                    2.010999917984009
                ],
                [
                    0.8862035870552063,
                    0.1899157166481018,
                    -0.42258164286613464,
                    -0.8936769962310791
                ],
                [
                    0.0,
                    0.9121201038360596,
                    0.4099230170249939,
                    0.949999988079071
                ],
                [
                    0.0,
                    0.0,
                    0.0,
                    1.0
                ]
            ]
        },
        {
            "p": 2,
            "transform_matrix": [
                [
                    0.4632960259914398,
                    -0.3632752597332001,
                    0.8083240985870361,
                    1.9859999418258667
                ],
                [
                    0.8862035870552063,
                    0.1899157166481018,
                    -0.42258164286613464,
                    -0.8936769962310791
                ],
                [
                    0.0,
                    0.9121201038360596,
                    0.4099230170249939,
                    0.949999988079071
                ],
                [
                    0.0,
                    0.0,
                    0.0,
                    1.0
                ]
            ]
        },
        {
            "p": 3,
            "transform_matrix": [
                [
                    0.4632960259914398,
                    -0.3632752597332001,
                    0.8083240985870361,
                    1.9609999656677246
                ],
                [
                    0.8862035870552063,
                    0.1899157166481018,
                    -0.42258164286613464,
                    -0.8936769962310791
                ],
                [
                    0.0,
                    0.9121201038360596,
                    0.4099230170249939,
                    0.949999988079071
                ],
                [
                    0.0,
                    0.0,
                    0.0,
                    1.0
                ]
            ]
        },
        {
            "p": 4,
            "transform_matrix": [
                [
                    0.4632960259914398,
                    -0.3632752597332001,
                    0.8083240985870361,
                    1.9359999895095825
                ],
                [
                    0.8862035870552063,
                    0.1899157166481018,
                    -0.42258164286613464,
                    -0.8936769962310791
                ],
                [
                    0.0,
                    0.9121201038360596,
                    0.4099230170249939,
                    0.949999988079071
                ],
                [
                    0.0,
                    0.0,
                    0.0,
                    1.0
                ]
            ]
        },
        {
            "p": 5,
            "transform_matrix": [
                [
                    0.4632960259914398,
                    -0.3632752597332001,
                    0.8083240985870361,
                    1.9110000133514404
                ],
                [
                    0.8862035870552063,
                    0.1899157166481018,
                    -0.42258164286613464,
                    -0.8936769962310791
                ],
                [
                    0.0,
                    0.9121201038360596,
                    0.4099230170249939,
                    0.949999988079071
                ],
                [
                    0.0,
                    0.0,
                    0.0,
                    1.0
                ]
            ]
        },
        {
            "p": 6,
            "transform_matrix": [
                [
                    0.4632960259914398,
                    -0.3632752597332001,
                    0.8083240985870361,
                    1.8860000371932983
                ],
                [
                    0.8862035870552063,
                    0.1899157166481018,
                    -0.42258164286613464,
                    -0.8936769962310791
                ],
                [
                    0.0,
                    0.9121201038360596,
                    0.4099230170249939,
                    0.949999988079071
                ],
                [
                    0.0,
                    0.0,
                    0.0,
                    1.0
                ]
            ]
        },
        {
            "p": 7,
            "transform_matrix": [
                [
                    0.4632960259914398,
                    -0.3632752597332001,
                    0.8083240985870361,
                    1.8609999418258667
                ],
                [
                    0.8862035870552063,
                    0.1899157166481018,
                    -0.42258164286613464,
                    -0.8936769962310791
                ],
                [
                    0.0,
                    0.9121201038360596,
                    0.4099230170249939,
                    0.949999988079071
                ],
                [
                    0.0,
                    0.0,
                    0.0,
                    1.0
                ]
            ]
        },
        {
            "p": 8,
            "transform_matrix": [
                [
                    0.4632960259914398,
