{
    "camera_angle_x": 0.6911112070083618,
    "frames": [
        {
            "file_path": "./train/00000",
            "rotation": 0,
            "transform_matrix": [
                [
                    0.4077889025211334,
                    -0.45288681983947754,
                    0.7928440570831299,
                    1.6754268407821655
                ],
                [
                    0.9130762219429016,
                    0.202263742685318,
                    -0.3540920317173004,
                    -1.3686662912368774
                ],
                [
                    0.0,
                    0.8683218955993652,
                    0.49600109457969666,
                    0.7250292897224426
                ],
                [
                    0.0,
                    0.0,
                    0.0,
                    1.0
                ]
            ]
        },
        {
            "file_path": "./train/00001",
            "rotation": 0,
            "transform_matrix": [
                [
                    0.4616386294364929,
                    -0.49094828963279724,
                    0.7388231158256531,
                    1.9281796216964722
                ],
                [
                    0.8870680928230286,
                    0.2554941475391388,
                    -0.3844905197620392,
                    -1.3067381381988525
                ],
                [
                    0.0,
                    0.8328820466995239,
                    0.5534505248069763,
                    0.8719218373298645
                ],
                [
                    0.0,
                    0.0,
                    0.0,
                    1.0
                ]
            ]
        },
        {
            "file_path": "./train/00002",
            "rotation": 0,
            "transform_matrix": [
                [
                    0.4354618191719055,
                    -0.3560897409915924,
                    0.8267847895622253,
                    1.0625360012054443
                ],
                [
                    0.9002072215080261,
                    0.17225311696529388,
                    -0.39994481205940247,
                    -1.194839358329773
                ],
                [
                    0.0,
                    0.9184383153915405,
                    0.3955642282962799,
                    1.0998843908309937
                ],
                [
                    0.0,
                    0.0,
                    0.0,
                    1.0
                ]
            ]
        },
        {
            "file_path": "./train/00003",
            "rotation": 0,
            "transform_matrix": [
                [
                    0.5662683248519897,
                    -0.285104364156723,
                    0.77334064245224,
                    1.8454304933547974
                ],
                [
                    0.8242209553718567,
                    0.19587653875350952,
                    -0.5313117504119873,
                    -1.3871781826019287
                ],
                [
                    0.0,
                    0.9382685422897339,
                    0.34590765833854675,
                    1.2558192014694214
                ],
                [
                    0.0,
                    0.0,
                    0.0,
                    1.0
                ]
            ]
        },
        {
            "file_path": "./train/00004",
            "rotation": 0,
            "transform_matrix": [
                [
                    0.43091243505477905,
                    -0.4817391633987427,
                    0.7630477547645569,
                    1.9932130575180054
                ],
                [
                    0.9023937582969666,
                    0.23004081845283508,
                    -0.36437171697616577,
                    -1.0570824146270752
                ],
                [
                    0.0,
                    0.8455818295478821,
                    0.533845841884613,
                    0.54274582862854
                ],
                [
                    0.0,
                    0.0,
                    0.0,
                    1.0
                ]
            ]
        },
        {
            "file_path": "./train/00005",
            "rotation": 0,
            "transform_matrix": [
                [
                    0.44712206721305847,
                    -0.22754867374897003,
                    0.8650453686714172,
                    1.8431283235549927
                ],
                [
                    0.8944729566574097,
                    0.11374523490667343,
                    -0.4324120283126831,
                    -0.663945198059082
                ],
                [
                    0.0,
                    0.9671006202697754,
                    0.25439414381980896,
                    0.9862281084060669
                ],
                [
                    0.0,
                    0.0,
                    0.0,
                    1.0
                ]
            ]
        },
        {
            "file_path": "./train/00006",
            "rotation": 0,
            "transform_matrix": [
                [
                    0.5973944067955017,
                    -0.3088688552379608,
                    0.7400810718536377,
                    1.8654046058654785
                ],
                [
                    0.8019475936889648,
                    0.23008552193641663,
                    -0.5513082146644592,
                    -0.7751572728157043
                ],
                [
                    0.0,
                    0.9228546619415283,
                    0.38514843583106995,
                    1.3117069005966187
                ],
                [
                    0.0,
                    0.0,
                    0.0,
                    1.0
                ]
            ]
        },
        {
            "file_path": "./train/00007",
            "rotation": 0,
            "transform_matrix": [
                [
                    0.5305190682411194,
                    -0.4179829955101013,
                    0.737454891204834,
                    1.263898253440857
                ],
                [
                    0.8476729989051819,
                    0.26159608364105225,
                    -0.4615386724472046,
                    -1.1042890548706055
                ],
                [
                    0.0,
                    0.8699756860733032,
                    0.49309462308883667,
                    0.5297919511795044
                ],
                [
                    0.0,
                    0.0,
                    0.0,
                    1.0
                ]
            ]
        },
        {
            "file_path": "./train/00008",
            "rotation": 0,
            "transform_matrix": [
                [
                    0.32337090373039246,
                    -0.47327718138694763,
                    0.8194143772125244,
                    1.6716845035552979
                ],
                [
                    0.9462723135948181,
                    0.16173365712165833,
                    -0.2800195813179016,
                    -1.0288448333740234
                ],
                [
                    0.0,
                    0.8659393191337585,
                    0.5001490712165833,
                    0.8201809525489807
                ],
                [
                    0.0,
                    0.0,
                    0.0,
                    1.0
                ]
            ]
        },
        {
            "file_path": "./train/00009",
            "rotation": 0,
            "transform_matrix": [
                [
                    0.5001646280288696,
                    -0.29072630405426025,
                    0.8156675696372986,
                    1.6840354204177856
                ],
                [
                    0.8659303188323975,
                    0.16792459785938263,
                    -0.47113266587257385,
                    -0.7845460176467896
                ],
                [
                    0.0,
                    0.9419551491737366,
                    0.3357386589050293,
                    0.6211386322975159
                ],
                [
                    0.0,
                    0.0,
                    0.0,
                    1.0
                ]
            ]
        },
        {
            "file_path": "./train/00010",
            "rotation": 0,
            "transform_matrix": [
                [
                    0.37590089440345764,
                    -0.3246400058269501,
                    0.8679327964782715,
                    2.0255234241485596
                ],
                [
                    0.926659882068634,
                    0.13169068098068237,
                    -0.3520781993865967,
                    -0.753677248954773
                ],
                [
                    0.0,
                    0.9366250038146973,
                    0.3503335118293762,
                    1.006949782371521
                ],
                [
                    0.0,
                    0.0,
                    0.0,
                    1.0
                ]
            ]
        },
        {
            "file_path": "./train/00011",
            "rotation": 0,
            "transform_matrix": [
                [
                    0.3213040232658386,
                    -0.45686349272727966,
                    0.8294814229011536,
                    1.2650480270385742
                ],
                [
                    0.9469761252403259,
                    0.155011385679245,
                    -0.2814387083053589,
                    -1.361576795578003
                ],
                [
                    0.0,
                    0.8759264945983887,
                    0.4824445843696594,
                    0.765453040599823
                ],
                [
                    0.0,
                    0.0,
                    0.0,
                    1.0
                ]
            ]
        },
        {
            "file_path": "./train/00012",
            "rotation": 0,
            "transform_matrix": [
                [
                    0.47597670555114746,
                    -0.3894885182380676,
                    0.7885079979896545,
                    1.912367582321167
                ],
                [
                    0.8794578909873962,
                    0.21079742908477783,
                    -0.4267531633377075,
                    -1.0789991617202759
                ],
                [
                    0.0,
                    0.896584153175354,
                    0.44287341833114624,
                    1.1054387092590332
                ],
                [
                    0.0,
                    0.0,
                    0.0,
                    1.0
                ]
            ]
        },
        {
            "file_path": "./train/00013",
            "rotation": 0,
            "transform_matrix": [
                [
                    0.3361673653125763,
                    -0.45580634474754333,
                    0.8241553902626038,
                    1.3008801937103271
                ],
                [
                    0.9418022632598877,
                    0.1626957356929779,
                    -0.2941744029521942,
                    -1.1470495462417603
                ],
                [
                    0.0,
                    0.8750832676887512,
                    0.483972430229187,
                    1.0113681554794312
                ],
                [
                    0.0,
                    0.0,
                    0.0,
                    1.0
                ]
            ]
        },
        {
            "file_path": "./train/00014",
            "rotation": 0,
            "transform_matrix": [
                [
                    0.5970326662063599,
                    -0.326412171125412,
                    0.7328076362609863,
                    1.4354004859924316
                ],
                [
                    0.8022168874740601,
                    0.242925226688385,
                    -0.5453763604164124,
                    -1.17435622215271
                ],
                [
                    0.0,
                    0.9134781956672668,
                    0.40688765048980713,
                    1.4475376605987549
                ],
                [
                    0.0,
                    0.0,
                    0.0,
                    1.0
                ]
            ]
        },
        {
            "file_path": "./train/00015",
            "rotation": 0,
            "transform_matrix": [
                [
                    0.49951043725013733,
                    -0.3764559328556061,
                    0.7802373170852661,
                    1.1456490755081177
                ],
                [
                    0.8663078546524048,
                    0.2170633226633072,
                    -0.4498824179172516,
                    -0.7662309408187866
                ],
                [
                    0.0,
                    0.9006466865539551,
                    0.4345521330833435,
                    1.2420793771743774
                ],
                [
                    0.0,
                    0.0,
                    0.0,
                    1.0
                ]
            ]
        },
        {
            "file_path": "./train/00016",
            "rotation": 0,
            "transform_matrix": [
                [
                    0.39371034502983093,
                    -0.26851886510849,
                    0.8791415095329285,
                    2.032121419906616
                ],
                [
                    0.919234573841095,
                    0.11500727385282516,
                    -0.37653839588165283,
                    -0.8645626306533813
                ],
                [
                    0.0,
                    0.9563843011856079,
                    0.2921113669872284,
                    1.4210783243179321
                ],
                [
                    0.0,
                    0.0,
                    0.0,
                    1.0
                ]
            ]
        },
        {
            "file_path": "./train/00017",
            "rotation": 0,
            "transform_matrix": [
                [
                    0.4833541214466095,
                    -0.31914857029914856,
                    0.8151766657829285,
                    1.7177103757858276
                ],
                [
                    0.8754249215126038,
                    0.1762136071920395,
                    -0.45008885860443115,
                    -0.8567066788673401
                ],
                [
                    0.0,
                    0.9311782717704773,
                    0.3645641803741455,
                    0.7168251872062683
                ],
                [
                    0.0,
                    0.0,
                    0.0,
                    1.0
                ]
            ]
        },
        {
            "file_path": "./train/00018",
            "rotation": 0,
            "transform_matrix": [
                [
                    0.5595829486846924,
                    -0.4009400010108948,
                    0.7253371477127075,
                    1.4897236824035645
                ],
                [
                    0.8287743330001831,
                    0.2707120478153229,
                    -0.48974287509918213,
                    -0.4398610591888428
                ],
                [
                    0.0,
                    0.8751925826072693,
                    0.4837746322154999,
                    1.3258529901504517
                ],
                [
                    0.0,
                    0.0,
                    0.0,
                    1.0
                ]
            ]
        },
        {
            "file_path": "./train/00019",
            "rotation": 0,
            "transform_matrix": [
                [
                    0.5670276880264282,
                    -0.3008297085762024,
                    0.76679927110672,
                    1.9486278295516968
                ],
                [
                    0.8236987590789795,
                    0.20708878338336945,
                    -0.5278584957122803,
                    -0.5231584310531616
                ],
                [
                    0.0,
                    0.9309219717979431,
                    0.3652181327342987,
                    0.7484447956085205
                ],
                [
                    0.0,
                    0.0,
                    0.0,
                    1.0
                ]
            ]
        },
        {
            "file_path": "./train/00020",
            "rotation": 0,
            "transform_matrix": [
                [
                    0.5167855620384216,
                    -0.342647910118103,
                    0.7845540642738342,
                    1.7985107898712158
                ],
                [
                    0.8561148643493652,
                    0.20683611929416656,
                    -0.4735885560512543,
                    -0.8542979955673218
                ],
                [
                    0.0,
                    0.9164121747016907,
                    0.4002358913421631,
                    1.2286264896392822
                ],
                [
                    0.0,
                    0.0,
                    0.0,
                    1.0
                ]
            ]
        },
        {
            "file_path": "./train/00021",
            "rotation": 0,
            "transform_matrix": [
                [
                    0.5940016508102417,
                    -0.2427998036146164,
                    0.7669486999511719,
                    1.0554767847061157
                ],
                [
                    0.804463803768158,
                    0.17927902936935425,
                    -0.566301167011261,
                    -0.46457839012145996
                ],
                [
                    0.0,
                    0.9533662796020508,
                    0.3018156886100769,
                    1.3287218809127808
                ],
                [
                    0.0,
                    0.0,
                    0.0,
                    1.0
                ]
            ]
        },
        {
            "file_path": "./train/00022",
            "rotation": 0,
            "transform_matrix": [
                [
                    0.3808760344982147,
                    -0.3831452429294586,
                    0.8415064811706543,
                    1.9140095710754395
                ],
                [
                    0.9246261119842529,
                    0.15782687067985535,
                    -0.3466370403766632,
                    -0.44672754406929016
                ],
                [
                    0.0,
                    0.9101046323776245,
                    0.4143785536289215,
                    0.5356534719467163
                ],
                [
                    0.0,
                    0.0,
                    0.0,
                    1.0
                ]
            ]
        },
        {
            "file_path": "./train/00023",
            "rotation": 0,
            "transform_matrix": [
                [
                    0.34450098872184753,
                    -0.36988624930381775,
                    0.8628460168838501,
                    1.8018344640731812
                ],
                [
                    0.938785970211029,
                    0.13573506474494934,
                    -0.3166337311267853,
                    -1.2652854919433594
                ],
                [
                    0.0,
                    0.9191083312034607,
                    0.3940048813819885,
                    0.92528235912323
                ],
                [
                    0.0,
                    0.0,
                    0.0,
                    1.0
                ]
            ]
        },
        {
            "file_path": "./train/00024",
            "rotation": 0,
            "transform_matrix": [
                [
                    0.5204981565475464,
                    -0.2864489257335663,
                    0.8043808937072754,
                    1.4591379165649414
                ],
                [
                    0.8538627624511719,
                    0.17461371421813965,
                    -0.49033498764038086,
                    -1.1818788051605225
                ],
                [
                    0.0,
                    0.9420493841171265,
                    0.3354741930961609,
                    0.9892960786819458
                ],
                [
                    0.0,
                    0.0,
                    0.0,
                    1.0
                ]
            ]
        },
        {
            "file_path": "./train/00025",
            "rotation": 0,
            "transform_matrix": [
                [
                    0.5461905002593994,
                    -0.3386825919151306,
                    0.7661397457122803,
                    2.031149387359619
                ],
                [
                    0.8376610279083252,
                    0.22083540260791779,
                    -0.4995555579662323,
                    -0.7437989711761475
                ],
                [
                    0.0,
                    0.9146178364753723,
                    0.4043194055557251,
                    0.8881000876426697
                ],
                [
                    0.0,
                    0.0,
                    0.0,
                    1.0
                ]
            ]
        },
        {
            "file_path": "./train/00026",
            "rotation": 0,
            "transform_matrix": [
                [
                    0.4222692549228668,
                    -0.45043253898620605,
                    0.7866379022598267,
                    1.374085545539856
                ],
                [
                    0.9064704775810242,
                    0.20982901751995087,
                    -0.3664465844631195,
                    -0.8053683042526245
                ],
                [
                    0.0,
                    0.867803156375885,
                    0.49690812826156616,
                    0.68011474609375
                ],
                [
                    0.0,
                    0.0,
                    0.0,
                    1.0
                ]
            ]
        },
        {
            "file_path": "./train/00027",
            "rotation": 0,
            "transform_matrix": [
                [
                    0.41024842858314514,
                    -0.4937942624092102,
                    0.766722559928894,
                    1.2649418115615845
                ],
                [
                    0.911973774433136,
                    0.22213174402713776,
                    -0.34490764141082764,
                    -0.4882569909095764
                ],
                [
                    0.0,
                    0.8407287001609802,
                    0.5414566397666931,
                    1.3096354007720947
                ],
                [
                    0.0,
                    0.0,
                    0.0,
                    1.0
                ]
            ]
        },
        {
            "file_path": "./train/00028",
            "rotation": 0,
            "transform_matrix": [
                [
                    0.3731110394001007,
                    -0.35922032594680786,
                    0.8554232120513916,
                    1.2502367496490479
                ],
                [
                    0.9277867078781128,
                    0.14446108043193817,
                    -0.3440099358558655,
                    -1.2613651752471924
                ],
                [
                    0.0,
                    0.922004222869873,
                    0.3871798813343048,
                    1.385514259338379
                ],
                [
                    0.0,
                    0.0,
                    0.0,
                    1.0
                ]
            ]
        },
        {
            "file_path": "./train/00029",
            "rotation": 0,
            "transform_matrix": [
                [
                    0.47346585988998413,
                    -0.3802948594093323,
                    0.7944846749305725,
                    1.8434970378875732
                ],
                [
                    0.8808121681213379,
                    0.20442114770412445,
                    -0.42706194519996643,
                    -1.2032670974731445
                ],
                [
                    0.0,
                    0.9019910097122192,
                    0.4317547678947449,
                    0.5469307899475098
                ],
                [
                    0.0,
                    0.0,
                    0.0,
                    1.0
                ]
            ]
        },
        {
            "file_path": "./train/00030",
            "rotation": 0,
            "transform_matrix": [
                [
                    0.5122519135475159,
                    -0.45805418491363525,
                    0.7264876961708069,
                    1.7650758028030396
                ],
                [
                    0.8588352203369141,
                    0.2732062041759491,
                    -0.433313250541687,
                    -0.7203124761581421
                ],
                [
                    0.0,
                    0.8458987474441528,
                    0.533343493938446,
                    1.4341652393341064
                ],
                [
                    0.0,
                    0.0,
                    0.0,
                    1.0
                ]
            ]
        },
        {
            "file_path": "./train/00031",
            "rotation": 0,
            "transform_matrix": [
                [
                    0.530349850654602,
                    -0.36133792996406555,
                    0.7669184803962708,
                    1.8976725339889526
                ],
                [
                    0.847778856754303,
                    0.22604422271251678,
                    -0.47976556420326233,
                    -1.1450207233428955
                ],
                [
                    0.0,
                    0.904620885848999,
                    0.4262171685695648,
                    0.640208899974823
                ],
                [
                    0.0,
                    0.0,
                    0.0,
                    1.0
                ]
            ]
        },
        {
            "file_path": "./train/00032",
            "rotation": 0,
            "transform_matrix": [
                [
                    0.596060037612915,
                    -0.23439526557922363,
                    0.7679656744003296,
                    1.28580641746521
                ],
                [
                    0.8029398918151855,
                    0.17400261759757996,
                    -0.570097029209137,
                    -0.47041139006614685
                ],
                [
                    0.0,
                    0.9564423561096191,
                    0.29192131757736206,
                    0.8931307196617126
                ],
                [
                    0.0,
                    0.0,
                    0.0,
                    1.0
                ]
            ]
        },
        {
            "file_path": "./train/00033",
            "rotation": 0,
            "transform_matrix": [
                [
                    0.5631479024887085,
                    -0.2232326865196228,
                    0.7956328392028809,
                    2.0352823734283447
                ],
                [
                    0.8263561129570007,
                    0.15212935209274292,
                    -0.5422105193138123,
                    -0.5576494336128235
                ],
                [
                    0.0,
                    0.9628207683563232,
                    0.27014103531837463,
                    1.4189962148666382
                ],
                [
                    0.0,
                    0.0,
                    0.0,
                    1.0
                ]
            ]
        },
        {
            "file_path": "./train/00034",
            "rotation": 0,
            "transform_matrix": [
                [
                    0.30725401639938354,
                    -0.5186735987663269,
                    0.797855019569397,
                    1.5216411352157593
                ],
                [
                    0.9516275525093079,
                    0.16746525466442108,
                    -0.2576051652431488,
                    -1.1799297332763672
                ],
                [
                    0.0,
                    0.8384110331535339,
                    0.5450384616851807,
                    0.8510403037071228
                ],
                [
                    0.0,
                    0.0,
                    0.0,
                    1.0
                ]
            ]
        },
        {
            "file_path": "./train/00035",
            "rotation": 0,
            "transform_matrix": [
                [
                    0.30389249324798584,
                    -0.41374677419662476,
                    0.858174204826355,
                    1.3012030124664307
                ],
                [
                    0.9527063369750977,
                    0.1319761723279953,
                    -0.273738831281662,
                    -0.6096063852310181
                ],
                [
                    0.0,
                    0.9007751941680908,
                    0.4342857301235199,
                    0.9050083756446838
                ],
                [
                    0.0,
                    0.0,
                    0.0,
                    1.0
                ]
            ]
        },
        {
            "file_path": "./train/00036",
            "rotation": 0,
            "transform_matrix": [
                [
                    0.43862828612327576,
                    -0.4255763590335846,
                    0.7915111780166626,
                    1.5917682647705078
                ],
                [
                    0.8986685872077942,
                    0.20771820843219757,
                    -0.3863261938095093,
                    -0.6752687096595764
                ],
                [
                    0.0,
                    0.8807598352432251,
                    0.47356319427490234,
                    0.604796826839447
                ],
                [
                    0.0,
                    0.0,
                    0.0,
                    1.0
                ]
            ]
        },
        {
            "file_path": "./train/00037",
            "rotation": 0,
            "transform_matrix": [
                [
                    0.35095277428627014,
                    -0.3585904538631439,
                    0.8650115728378296,
                    1.5781952142715454
                ],
                [
                    0.936393141746521,
                    0.13439688086509705,
                    -0.32419952750205994,
                    -0.6457014679908752
                ],
                [
                    0.0,
                    0.9237696528434753,
                    0.3829486072063446,
                    0.507165253162384
                ],
                [
                    0.0,
                    0.0,
                    0.0,
                    1.0
                ]
            ]
        },
        {
            "file_path": "./train/00038",
            "rotation": 0,
            "transform_matrix": [
                [
                    0.4082627594470978,
                    -0.46308720111846924,
                    0.7866840362548828,
                    1.1934326887130737
                ],
                [
                    0.9128644466400146,
                    0.20710770785808563,
                    -0.35183075070381165,
                    -0.4328981041908264
                ],
                [
                    0.0,
                    0.861775279045105,
                    0.507290244102478,
                    0.5301114916801453
                ],
                [
                    0.0,
                    0.0,
                    0.0,
                    1.0
                ]
            ]
        },
        {
            "file_path": "./train/00039",
            "rotation": 0,
            "transform_matrix": [
                [
                    0.42597463726997375,
                    -0.4424266815185547,
                    0.7891794443130493,
                    1.271203875541687
                ],
                [
                    0.9047350883483887,
                    0.20830687880516052,
                    -0.37156781554222107,
                    -1.2737903594970703
                ],
                [
                    0.0,
                    0.8722768425941467,
                    0.4890124201774597,
                    1.3402873277664185
                ],
                [
                    0.0,
                    0.0,
                    0.0,
                    1.0
                ]
            ]
        },
        {
            "file_path": "./train/00040",
            "rotation": 0,
            "transform_matrix": [
                [
                    0.395163357257843,
                    -0.2455788105726242,
                    0.8851762413978577,
                    1.455224871635437
                ],
                [
                    0.9186108708381653,
                    0.10564184188842773,
                    -0.3807806074619293,
                    -0.810004711151123
                ],
                [
                    0.0,
                    0.9636030793190002,
                    0.2673371434211731,
                    0.9727827310562134
                ],
                [
                    0.0,
                    0.0,
                    0.0,
                    1.0
                ]
            ]
        },
        {
            "file_path": "./train/00041",
            "rotation": 0,
            "transform_matrix": [
                [
                    0.3836943507194519,
                    -0.4363826513290405,
                    0.8138481378555298,
                    1.2746859788894653
                ],
                [
                    0.9234601259231567,
                    0.18131540715694427,
                    -0.3381509780883789,
                    -0.9978911280632019
                ],
                [
                    0.0,
                    0.8813029527664185,
                    0.4725516736507416,
                    1.121690273284912
                ],
                [
                    0.0,
                    0.0,
                    0.0,
                    1.0
                ]
            ]
        },
        {
            "file_path": "./train/00042",
            "rotation": 0,
            "transform_matrix": [
                [
                    0.5495612025260925,
                    -0.20604631304740906,
                    0.809646487236023,
                    1.1085431575775146
                ],
                [
                    0.835453450679779,
                    0.13553723692893982,
                    -0.5325853824615479,
                    -0.9353914856910706
                ],
                [
                    0.0,
                    0.9691101908683777,
                    0.24662812054157257,
                    1.44845449924469
                ],
                [
                    0.0,
                    0.0,
                    0.0,
                    1.0
                ]
            ]
        },
        {
            "file_path": "./train/00043",
            "rotation": 0,
            "transform_matrix": [
                [
                    0.5656158328056335,
                    -0.235799640417099,
                    0.7902387380599976,
                    1.3012003898620605
                ],
                [
                    0.8246688842773438,
                    0.1617279350757599,
                    -0.5420011878013611,
                    -0.46041762828826904
                ],
                [
                    0.0,
                    0.9582497477531433,
                    0.2859325110912323,
                    1.3308641910552979
                ],
                [
                    0.0,
                    0.0,
                    0.0,
                    1.0
                ]
            ]
        },
        {
            "file_path": "./train/00044",
            "rotation": 0,
            "transform_matrix": [
                [
                    0.6079793572425842,
                    -0.19819073379039764,
                    0.7688183188438416,
                    1.869744896888733
                ],
                [
                    0.7939528226852417,
                    0.15176703035831451,
                    -0.5887322425842285,
                    -0.6901370882987976
                ],
                [
                    0.0,
                    0.9683424830436707,
                    0.2496253252029419,
                    1.0616778135299683
                ],
                [
                    0.0,
                    0.0,
                    0.0,
                    1.0
                ]
            ]
        },
        {
            "file_path": "./train/00045",
            "rotation": 0,
            "transform_matrix": [
                [
                    0.5777355432510376,
                    -0.21704714000225067,
                    0.7868368625640869,
                    1.8531041145324707
                ],
                [
                    0.8162240386009216,
                    0.15362919867038727,
                    -0.5569348335266113,
                    -1.094298243522644
                ],
                [
                    0.0,
                    0.963996171951294,
                    0.2659161388874054,
                    1.1133886575698853
                ],
                [
                    0.0,
                    0.0,
                    0.0,
                    1.0
                ]
            ]
        },
        {
            "file_path": "./train/00046",
            "rotation": 0,
            "transform_matrix": [
                [
                    0.5523452162742615,
                    -0.31367227435112,
                    0.7723499536514282,
                    1.1430360078811646
                ],
                [
                    0.8336154818534851,
                    0.2078360915184021,
                    -0.5117512941360474,
                    -0.8404533863067627
                ],
                [
                    0.0,
                    0.9265062808990479,
                    0.3762793242931366,
                    0.7223482131958008
                ],
                [
                    0.0,
                    0.0,
                    0.0,
                    1.0
                ]
            ]
        },
        {
